Cylinder_0_crown,1100.0,1250.0,-7.5,16,9
Cylinder_0_trunk,1100.0,1250.0,-3.5,1.6,9
Cylinder_1_crown,350.0,1550.0,-13.5,37,25
Cylinder_1_trunk,350.0,1550.0,-11.5,3.7,25
Cylinder_2_crown,-1550.0,-900.0,-9.0,21,8
Cylinder_2_trunk,-1550.0,-900.0,-3.0,2.1,8
Cylinder_3_crown,900.0,-1400.0,-19.0,15,30
Cylinder_3_trunk,900.0,-1400.0,-14.0,1.5,30
Cylinder_4_crown,1050.0,-550.0,-19.0,40,30
Cylinder_4_trunk,1050.0,-550.0,-14.0,4.0,30
Cylinder_5_crown,1400.0,-100.0,-12.5,40,21
Cylinder_5_trunk,1400.0,-100.0,-9.5,4.0,21
Cylinder_6_crown,900.0,350.0,-14.5,21,25
Cylinder_6_trunk,900.0,350.0,-11.5,2.1,25
Cylinder_7_crown,-1450.0,-1250.0,-5.5,37,9
Cylinder_7_trunk,-1450.0,-1250.0,-3.5,3.7,9
Cylinder_8_crown,-1750.0,1050.0,-16.0,15,24
Cylinder_8_trunk,-1750.0,1050.0,-11.0,1.5,24
Cylinder_9_crown,1450.0,200.0,-16.5,45,23
Cylinder_9_trunk,1450.0,200.0,-10.5,4.5,23
Cylinder_10_crown,-150.0,150.0,-17.5,31,29
Cylinder_10_trunk,-150.0,150.0,-13.5,3.1,29
Cylinder_11_crown,850.0,100.0,-16.5,44,27
Cylinder_11_trunk,850.0,100.0,-12.5,4.4,27
Cylinder_12_crown,1600.0,650.0,-14.0,32,18
Cylinder_12_trunk,1600.0,650.0,-8.0,3.2,18
Cylinder_13_crown,-300.0,1200.0,-11.5,33,17
Cylinder_13_trunk,-300.0,1200.0,-7.5,3.3,17
Cylinder_14_crown,-1150.0,-1100.0,-6.0,49,6
Cylinder_14_trunk,-1150.0,-1100.0,-2.0,4.9,6
Cylinder_15_crown,-450.0,1200.0,-7.5,47,7
Cylinder_15_trunk,-450.0,1200.0,-2.5,4.7,7
Cylinder_16_crown,-100.0,400.0,-16.5,34,29
Cylinder_16_trunk,-100.0,400.0,-13.5,3.4,29
Cylinder_17_crown,-1200.0,-1650.0,-7.0,14,12
Cylinder_17_trunk,-1200.0,-1650.0,-5.0,1.4,12
Cylinder_18_crown,-1200.0,1700.0,-9.5,12,11
Cylinder_18_trunk,-1200.0,1700.0,-4.5,1.2,11
Cylinder_19_crown,-850.0,-50.0,-13.5,33,17
Cylinder_19_trunk,-850.0,-50.0,-7.5,3.3,17
Cylinder_20_crown,1750.0,1150.0,-8.5,45,11
Cylinder_20_trunk,1750.0,1150.0,-4.5,4.5,11
Cylinder_21_crown,1200.0,-300.0,-14.5,34,27
Cylinder_21_trunk,1200.0,-300.0,-12.5,3.4,27
Cylinder_22_crown,-200.0,50.0,-9.5,46,15
Cylinder_22_trunk,-200.0,50.0,-6.5,4.6,15
Cylinder_23_crown,50.0,0.0,-12.0,12,16
Cylinder_23_trunk,50.0,0.0,-7.0,1.2,16
Cylinder_24_crown,700.0,-1400.0,-15.0,20,22
Cylinder_24_trunk,700.0,-1400.0,-10.0,2.0,22
Cylinder_25_crown,550.0,-900.0,-5.5,48,5
Cylinder_25_trunk,550.0,-900.0,-1.5,4.8,5
Cylinder_26_crown,-350.0,-1300.0,-13.0,49,24
Cylinder_26_trunk,-350.0,-1300.0,-11.0,4.9,24
Cylinder_27_crown,1450.0,-50.0,-11.0,39,18
Cylinder_27_trunk,1450.0,-50.0,-8.0,3.9,18
Cylinder_28_crown,700.0,-1400.0,-7.5,28,9
Cylinder_28_trunk,700.0,-1400.0,-3.5,2.8,9
Cylinder_29_crown,1250.0,150.0,-11.5,39,19
Cylinder_29_trunk,1250.0,150.0,-8.5,3.9,19
Cylinder_30_crown,1750.0,200.0,-12.0,37,18
Cylinder_30_trunk,1750.0,200.0,-8.0,3.7,18
Cylinder_31_crown,700.0,-1800.0,-15.0,22,24
Cylinder_31_trunk,700.0,-1800.0,-11.0,2.2,24
Cylinder_32_crown,1450.0,1700.0,-7.5,21,7
Cylinder_32_trunk,1450.0,1700.0,-2.5,2.1,7
Cylinder_33_crown,50.0,-400.0,-16.0,28,30
Cylinder_33_trunk,50.0,-400.0,-14.0,2.8,30
Cylinder_34_crown,1550.0,-100.0,-9.0,25,8
Cylinder_34_trunk,1550.0,-100.0,-3.0,2.5,8
Cylinder_35_crown,-50.0,-350.0,-14.5,48,25
Cylinder_35_trunk,-50.0,-350.0,-11.5,4.8,25
Cylinder_36_crown,500.0,-700.0,-16.0,34,26
Cylinder_36_trunk,500.0,-700.0,-12.0,3.4,26
Cylinder_37_crown,-950.0,-650.0,-15.0,13,20
Cylinder_37_trunk,-950.0,-650.0,-9.0,1.3,20
Cylinder_38_crown,1450.0,-700.0,-17.0,34,28
Cylinder_38_trunk,1450.0,-700.0,-13.0,3.4,28
Cylinder_39_crown,-300.0,1200.0,-13.5,33,21
Cylinder_39_trunk,-300.0,1200.0,-9.5,3.3,21
Cylinder_40_crown,-1500.0,-250.0,-11.0,43,18
Cylinder_40_trunk,-1500.0,-250.0,-8.0,4.3,18
Cylinder_41_crown,-500.0,300.0,-12.0,42,18
Cylinder_41_trunk,-500.0,300.0,-8.0,4.2,18
Cylinder_42_crown,700.0,1050.0,-12.0,11,14
Cylinder_42_trunk,700.0,1050.0,-6.0,1.1,14
Cylinder_43_crown,450.0,-300.0,-15.5,50,27
Cylinder_43_trunk,450.0,-300.0,-12.5,5.0,27
Cylinder_44_crown,-1050.0,-1300.0,-14.0,16,20
Cylinder_44_trunk,-1050.0,-1300.0,-9.0,1.6,20
Cylinder_45_crown,-100.0,800.0,-9.5,19,9
Cylinder_45_trunk,-100.0,800.0,-3.5,1.9,9
Cylinder_46_crown,100.0,-1750.0,-11.5,31,19
Cylinder_46_trunk,100.0,-1750.0,-8.5,3.1,19
Cylinder_47_crown,1500.0,-50.0,-13.0,45,22
Cylinder_47_trunk,1500.0,-50.0,-10.0,4.5,22
Cylinder_48_crown,400.0,150.0,-14.0,27,26
Cylinder_48_trunk,400.0,150.0,-12.0,2.7,26
Cylinder_49_crown,700.0,-550.0,-8.0,27,14
Cylinder_49_trunk,700.0,-550.0,-6.0,2.7,14
Cylinder_50_crown,50.0,-100.0,-14.0,45,20
Cylinder_50_trunk,50.0,-100.0,-9.0,4.5,20
Cylinder_51_crown,650.0,400.0,-8.0,24,12
Cylinder_51_trunk,650.0,400.0,-5.0,2.4,12
Cylinder_52_crown,950.0,-1700.0,-14.5,35,23
Cylinder_52_trunk,950.0,-1700.0,-10.5,3.5,23
Cylinder_53_crown,400.0,1450.0,-14.0,12,18
Cylinder_53_trunk,400.0,1450.0,-8.0,1.2,18
Cylinder_54_crown,-1600.0,600.0,-12.0,28,20
Cylinder_54_trunk,-1600.0,600.0,-9.0,2.8,20
Cylinder_55_crown,150.0,-200.0,-4.0,37,6
Cylinder_55_trunk,150.0,-200.0,-2.0,3.7,6
Cylinder_56_crown,-1300.0,1700.0,-10.5,41,15
Cylinder_56_trunk,-1300.0,1700.0,-6.5,4.1,15
Cylinder_57_crown,-500.0,450.0,-15.0,20,26
Cylinder_57_trunk,-500.0,450.0,-12.0,2.0,26
Cylinder_58_crown,-1750.0,-1450.0,-14.5,33,23
Cylinder_58_trunk,-1750.0,-1450.0,-10.5,3.3,23
Cylinder_59_crown,-450.0,-250.0,-10.5,14,13
Cylinder_59_trunk,-450.0,-250.0,-5.5,1.4,13
Cylinder_60_crown,-1350.0,-250.0,-3.5,47,5
Cylinder_60_trunk,-1350.0,-250.0,-1.5,4.7,5
Cylinder_61_crown,-1600.0,-1450.0,-9.5,46,17
Cylinder_61_trunk,-1600.0,-1450.0,-7.5,4.6,17
Cylinder_62_crown,550.0,650.0,-4.5,21,5
Cylinder_62_trunk,550.0,650.0,-1.5,2.1,5
Cylinder_63_crown,1200.0,1400.0,-12.5,39,19
Cylinder_63_trunk,1200.0,1400.0,-8.5,3.9,19
Cylinder_64_crown,-1150.0,550.0,-14.5,27,27
Cylinder_64_trunk,-1150.0,550.0,-12.5,2.7,27
Cylinder_65_crown,850.0,600.0,-16.0,42,24
Cylinder_65_trunk,850.0,600.0,-11.0,4.2,24
Cylinder_66_crown,1500.0,1600.0,-16.5,26,25
Cylinder_66_trunk,1500.0,1600.0,-11.5,2.6,25
Cylinder_67_crown,-1300.0,-200.0,-6.5,32,9
Cylinder_67_trunk,-1300.0,-200.0,-3.5,3.2,9
Cylinder_68_crown,-1150.0,-100.0,-12.5,15,15
Cylinder_68_trunk,-1150.0,-100.0,-6.5,1.5,15
Cylinder_69_crown,-350.0,350.0,-6.5,34,5
Cylinder_69_trunk,-350.0,350.0,-1.5,3.4,5
Cylinder_70_crown,-150.0,-600.0,-6.0,39,8
Cylinder_70_trunk,-150.0,-600.0,-3.0,3.9,8
Cylinder_71_crown,-150.0,-900.0,-17.5,23,27
Cylinder_71_trunk,-150.0,-900.0,-12.5,2.3,27
Cylinder_72_crown,-1250.0,200.0,-9.5,14,9
Cylinder_72_trunk,-1250.0,200.0,-3.5,1.4,9
Cylinder_73_crown,0.0,1250.0,-13.0,50,16
Cylinder_73_trunk,0.0,1250.0,-7.0,5.0,16
Cylinder_74_crown,150.0,850.0,-8.0,16,10
Cylinder_74_trunk,150.0,850.0,-4.0,1.6,10
Cylinder_75_crown,1800.0,900.0,-9.0,20,12
Cylinder_75_trunk,1800.0,900.0,-5.0,2.0,12
Cylinder_76_crown,-1600.0,350.0,-6.5,10,9
Cylinder_76_trunk,-1600.0,350.0,-3.5,1.0,9
Cylinder_77_crown,1350.0,-50.0,-17.0,20,30
Cylinder_77_trunk,1350.0,-50.0,-14.0,2.0,30
Cylinder_78_crown,1250.0,50.0,-6.0,18,8
Cylinder_78_trunk,1250.0,50.0,-3.0,1.8,8
Cylinder_79_crown,750.0,350.0,-16.5,33,29
Cylinder_79_trunk,750.0,350.0,-13.5,3.3,29
Cylinder_80_crown,-950.0,-50.0,-4.5,20,7
Cylinder_80_trunk,-950.0,-50.0,-2.5,2.0,7
Cylinder_81_crown,-1700.0,-1650.0,-8.0,27,6
Cylinder_81_trunk,-1700.0,-1650.0,-2.0,2.7,6
Cylinder_82_crown,-400.0,-1350.0,-9.0,29,10
Cylinder_82_trunk,-400.0,-1350.0,-4.0,2.9,10
Cylinder_83_crown,50.0,-700.0,-9.5,45,9
Cylinder_83_trunk,50.0,-700.0,-3.5,4.5,9
Cylinder_84_crown,-950.0,-150.0,-16.0,23,30
Cylinder_84_trunk,-950.0,-150.0,-14.0,2.3,30
Cylinder_85_crown,1150.0,0.0,-9.0,21,10
Cylinder_85_trunk,1150.0,0.0,-4.0,2.1,10
Cylinder_86_crown,1400.0,-1450.0,-16.5,21,25
Cylinder_86_trunk,1400.0,-1450.0,-11.5,2.1,25
Cylinder_87_crown,-1400.0,-850.0,-7.5,38,11
Cylinder_87_trunk,-1400.0,-850.0,-4.5,3.8,11
Cylinder_88_crown,1200.0,-450.0,-18.5,25,29
Cylinder_88_trunk,1200.0,-450.0,-13.5,2.5,29
Cylinder_89_crown,1450.0,1650.0,-8.5,36,13
Cylinder_89_trunk,1450.0,1650.0,-5.5,3.6,13
Cylinder_90_crown,-650.0,1050.0,-8.0,28,6
Cylinder_90_trunk,-650.0,1050.0,-2.0,2.8,6
Cylinder_91_crown,-650.0,1350.0,-15.0,22,26
Cylinder_91_trunk,-650.0,1350.0,-12.0,2.2,26
Cylinder_92_crown,1600.0,500.0,-11.0,40,16
Cylinder_92_trunk,1600.0,500.0,-7.0,4.0,16
Cylinder_93_crown,-1000.0,1050.0,-15.5,42,21
Cylinder_93_trunk,-1000.0,1050.0,-9.5,4.2,21
Cylinder_94_crown,-750.0,-750.0,-13.0,35,24
Cylinder_94_trunk,-750.0,-750.0,-11.0,3.5,24
Cylinder_95_crown,100.0,-1000.0,-5.0,34,8
Cylinder_95_trunk,100.0,-1000.0,-3.0,3.4,8
Cylinder_96_crown,-1100.0,400.0,-13.5,44,21
Cylinder_96_trunk,-1100.0,400.0,-9.5,4.4,21
Cylinder_97_crown,1150.0,1100.0,-14.0,29,26
Cylinder_97_trunk,1150.0,1100.0,-12.0,2.9,26
Cylinder_98_crown,1500.0,-1150.0,-13.0,35,24
Cylinder_98_trunk,1500.0,-1150.0,-11.0,3.5,24
Cylinder_99_crown,350.0,-950.0,-17.0,25,24
Cylinder_99_trunk,350.0,-950.0,-11.0,2.5,24
Cylinder_100_crown,500.0,850.0,-15.5,41,29
Cylinder_100_trunk,500.0,850.0,-13.5,4.1,29
Cylinder_101_crown,-1200.0,150.0,-8.0,46,8
Cylinder_101_trunk,-1200.0,150.0,-3.0,4.6,8
Cylinder_102_crown,1550.0,-1300.0,-15.0,37,24
Cylinder_102_trunk,1550.0,-1300.0,-11.0,3.7,24
Cylinder_103_crown,250.0,700.0,-13.0,30,24
Cylinder_103_trunk,250.0,700.0,-11.0,3.0,24
Cylinder_104_crown,-400.0,1600.0,-14.5,36,23
Cylinder_104_trunk,-400.0,1600.0,-10.5,3.6,23
Cylinder_105_crown,-450.0,250.0,-8.5,18,9
Cylinder_105_trunk,-450.0,250.0,-3.5,1.8,9
Cylinder_106_crown,-1700.0,550.0,-14.5,38,25
Cylinder_106_trunk,-1700.0,550.0,-11.5,3.8,25
Cylinder_107_crown,1600.0,1500.0,-7.5,34,9
Cylinder_107_trunk,1600.0,1500.0,-3.5,3.4,9
Cylinder_108_crown,-900.0,-1600.0,-17.0,18,30
Cylinder_108_trunk,-900.0,-1600.0,-14.0,1.8,30
Cylinder_109_crown,-1300.0,-800.0,-10.0,41,10
Cylinder_109_trunk,-1300.0,-800.0,-4.0,4.1,10
Cylinder_110_crown,1500.0,-200.0,-14.0,29,18
Cylinder_110_trunk,1500.0,-200.0,-8.0,2.9,18
Cylinder_111_crown,1550.0,1600.0,-20.0,37,30
Cylinder_111_trunk,1550.0,1600.0,-14.0,3.7,30
Cylinder_112_crown,500.0,1100.0,-13.0,41,22
Cylinder_112_trunk,500.0,1100.0,-10.0,4.1,22
Cylinder_113_crown,1800.0,-1500.0,-8.0,35,6
Cylinder_113_trunk,1800.0,-1500.0,-2.0,3.5,6
Cylinder_114_crown,-1250.0,-1800.0,-19.5,34,29
Cylinder_114_trunk,-1250.0,-1800.0,-13.5,3.4,29
Cylinder_115_crown,500.0,-700.0,-6.5,47,9
Cylinder_115_trunk,500.0,-700.0,-3.5,4.7,9
Cylinder_116_crown,1250.0,-300.0,-6.5,18,5
Cylinder_116_trunk,1250.0,-300.0,-1.5,1.8,5
Cylinder_117_crown,-300.0,-600.0,-14.5,32,23
Cylinder_117_trunk,-300.0,-600.0,-10.5,3.2,23
Cylinder_118_crown,-1250.0,200.0,-17.0,34,30
Cylinder_118_trunk,-1250.0,200.0,-14.0,3.4,30
Cylinder_119_crown,-550.0,200.0,-5.0,43,8
Cylinder_119_trunk,-550.0,200.0,-3.0,4.3,8
Cylinder_120_crown,1200.0,-1650.0,-7.0,36,8
Cylinder_120_trunk,1200.0,-1650.0,-3.0,3.6,8
Cylinder_121_crown,1350.0,-450.0,-13.0,15,16
Cylinder_121_trunk,1350.0,-450.0,-7.0,1.5,16
Cylinder_122_crown,-1700.0,1800.0,-9.0,48,8
Cylinder_122_trunk,-1700.0,1800.0,-3.0,4.8,8
Cylinder_123_crown,-1000.0,1700.0,-11.5,45,19
Cylinder_123_trunk,-1000.0,1700.0,-8.5,4.5,19
Cylinder_124_crown,-900.0,-1300.0,-7.5,29,7
Cylinder_124_trunk,-900.0,-1300.0,-2.5,2.9,7
Cylinder_125_crown,-1150.0,-250.0,-14.5,47,27
Cylinder_125_trunk,-1150.0,-250.0,-12.5,4.7,27
Cylinder_126_crown,-1400.0,-450.0,-7.0,33,10
Cylinder_126_trunk,-1400.0,-450.0,-4.0,3.3,10
Cylinder_127_crown,-1300.0,-1700.0,-9.5,46,9
Cylinder_127_trunk,-1300.0,-1700.0,-3.5,4.6,9
Cylinder_128_crown,250.0,600.0,-17.5,14,25
Cylinder_128_trunk,250.0,600.0,-11.5,1.4,25
Cylinder_129_crown,-200.0,-950.0,-7.5,25,9
Cylinder_129_trunk,-200.0,-950.0,-3.5,2.5,9
Cylinder_130_crown,-400.0,550.0,-14.5,33,25
Cylinder_130_trunk,-400.0,550.0,-11.5,3.3,25
Cylinder_131_crown,-1050.0,-950.0,-9.5,43,9
Cylinder_131_trunk,-1050.0,-950.0,-3.5,4.3,9
Cylinder_132_crown,350.0,200.0,-17.0,49,24
Cylinder_132_trunk,350.0,200.0,-11.0,4.9,24
Cylinder_133_crown,1500.0,-400.0,-17.0,26,30
Cylinder_133_trunk,1500.0,-400.0,-14.0,2.6,30
Cylinder_134_crown,-350.0,-1650.0,-20.0,25,30
Cylinder_134_trunk,-350.0,-1650.0,-14.0,2.5,30
Cylinder_135_crown,1250.0,-1150.0,-7.0,18,8
Cylinder_135_trunk,1250.0,-1150.0,-3.0,1.8,8
Cylinder_136_crown,1150.0,1150.0,-10.0,30,12
Cylinder_136_trunk,1150.0,1150.0,-5.0,3.0,12
Cylinder_137_crown,-500.0,1100.0,-6.5,27,7
Cylinder_137_trunk,-500.0,1100.0,-2.5,2.7,7
Cylinder_138_crown,-450.0,-1000.0,-16.0,43,26
Cylinder_138_trunk,-450.0,-1000.0,-12.0,4.3,26
Cylinder_139_crown,-400.0,-700.0,-12.5,31,21
Cylinder_139_trunk,-400.0,-700.0,-9.5,3.1,21
Cylinder_140_crown,-450.0,-150.0,-15.0,18,28
Cylinder_140_trunk,-450.0,-150.0,-13.0,1.8,28
Cylinder_141_crown,950.0,1050.0,-9.5,14,13
Cylinder_141_trunk,950.0,1050.0,-5.5,1.4,13
Cylinder_142_crown,200.0,-1600.0,-7.0,40,8
Cylinder_142_trunk,200.0,-1600.0,-3.0,4.0,8
Cylinder_143_crown,600.0,-650.0,-12.0,18,18
Cylinder_143_trunk,600.0,-650.0,-8.0,1.8,18
Cylinder_144_crown,-1150.0,-450.0,-13.5,49,19
Cylinder_144_trunk,-1150.0,-450.0,-8.5,4.9,19
Cylinder_145_crown,1400.0,1800.0,-5.5,30,7
Cylinder_145_trunk,1400.0,1800.0,-2.5,3.0,7
Cylinder_146_crown,800.0,-900.0,-16.0,19,22
Cylinder_146_trunk,800.0,-900.0,-10.0,1.9,22
Cylinder_147_crown,300.0,-1350.0,-10.0,22,18
Cylinder_147_trunk,300.0,-1350.0,-8.0,2.2,18
Cylinder_148_crown,-1150.0,1400.0,-9.0,30,14
Cylinder_148_trunk,-1150.0,1400.0,-6.0,3.0,14
Cylinder_149_crown,-800.0,150.0,-4.5,44,5
Cylinder_149_trunk,-800.0,150.0,-1.5,4.4,5
Cylinder_150_crown,1150.0,1400.0,-13.0,14,22
Cylinder_150_trunk,1150.0,1400.0,-10.0,1.4,22
Cylinder_151_crown,550.0,1600.0,-9.5,31,15
Cylinder_151_trunk,550.0,1600.0,-6.5,3.1,15
Cylinder_152_crown,650.0,750.0,-17.5,22,29
Cylinder_152_trunk,650.0,750.0,-13.5,2.2,29
Cylinder_153_crown,-1150.0,-1650.0,-14.0,42,18
Cylinder_153_trunk,-1150.0,-1650.0,-8.0,4.2,18
Cylinder_154_crown,1150.0,650.0,-8.5,30,13
Cylinder_154_trunk,1150.0,650.0,-5.5,3.0,13
Cylinder_155_crown,-1250.0,1500.0,-7.0,18,12
Cylinder_155_trunk,-1250.0,1500.0,-5.0,1.8,12
Cylinder_156_crown,-600.0,-800.0,-13.5,44,21
Cylinder_156_trunk,-600.0,-800.0,-9.5,4.4,21
Cylinder_157_crown,1450.0,700.0,-10.0,13,12
Cylinder_157_trunk,1450.0,700.0,-5.0,1.3,12
Cylinder_158_crown,-1300.0,-1550.0,-18.5,37,29
Cylinder_158_trunk,-1300.0,-1550.0,-13.5,3.7,29
Cylinder_159_crown,1200.0,-1050.0,-12.5,16,17
Cylinder_159_trunk,1200.0,-1050.0,-7.5,1.6,17
Cylinder_160_crown,-1650.0,-1800.0,-6.0,26,8
Cylinder_160_trunk,-1650.0,-1800.0,-3.0,2.6,8
Cylinder_161_crown,-900.0,-200.0,-14.0,25,20
Cylinder_161_trunk,-900.0,-200.0,-9.0,2.5,20
Cylinder_162_crown,1150.0,1500.0,-14.0,23,26
Cylinder_162_trunk,1150.0,1500.0,-12.0,2.3,26
Cylinder_163_crown,400.0,-250.0,-3.5,26,5
Cylinder_163_trunk,400.0,-250.0,-1.5,2.6,5
Cylinder_164_crown,150.0,650.0,-14.5,47,23
Cylinder_164_trunk,150.0,650.0,-10.5,4.7,23
Cylinder_165_crown,-500.0,400.0,-7.0,41,8
Cylinder_165_trunk,-500.0,400.0,-3.0,4.1,8
Cylinder_166_crown,-650.0,-1100.0,-8.0,29,8
Cylinder_166_trunk,-650.0,-1100.0,-3.0,2.9,8
Cylinder_167_crown,-600.0,-550.0,-13.0,47,20
Cylinder_167_trunk,-600.0,-550.0,-9.0,4.7,20
Cylinder_168_crown,-1800.0,-750.0,-8.5,48,13
Cylinder_168_trunk,-1800.0,-750.0,-5.5,4.8,13
Cylinder_169_crown,-1500.0,-350.0,-7.0,45,12
Cylinder_169_trunk,-1500.0,-350.0,-5.0,4.5,12
Cylinder_170_crown,350.0,-450.0,-11.5,30,17
Cylinder_170_trunk,350.0,-450.0,-7.5,3.0,17
Cylinder_171_crown,-1100.0,-1700.0,-15.5,14,23
Cylinder_171_trunk,-1100.0,-1700.0,-10.5,1.4,23
Cylinder_172_crown,1300.0,-1700.0,-7.0,19,10
Cylinder_172_trunk,1300.0,-1700.0,-4.0,1.9,10
Cylinder_173_crown,-900.0,1000.0,-13.0,41,20
Cylinder_173_trunk,-900.0,1000.0,-9.0,4.1,20
Cylinder_174_crown,-250.0,1150.0,-9.5,49,9
Cylinder_174_trunk,-250.0,1150.0,-3.5,4.9,9
Cylinder_175_crown,-500.0,1400.0,-10.5,50,19
Cylinder_175_trunk,-500.0,1400.0,-8.5,5.0,19
Cylinder_176_crown,-1200.0,-100.0,-10.5,21,15
Cylinder_176_trunk,-1200.0,-100.0,-6.5,2.1,15
Cylinder_177_crown,600.0,-350.0,-13.5,12,25
Cylinder_177_trunk,600.0,-350.0,-11.5,1.2,25
Cylinder_178_crown,900.0,950.0,-9.0,31,12
Cylinder_178_trunk,900.0,950.0,-5.0,3.1,12
Cylinder_179_crown,-100.0,1500.0,-14.0,31,18
Cylinder_179_trunk,-100.0,1500.0,-8.0,3.1,18
Cylinder_180_crown,1200.0,1400.0,-12.0,43,22
Cylinder_180_trunk,1200.0,1400.0,-10.0,4.3,22
Cylinder_181_crown,-1100.0,300.0,-9.0,11,16
Cylinder_181_trunk,-1100.0,300.0,-7.0,1.1,16
Cylinder_182_crown,-900.0,1500.0,-9.0,17,12
Cylinder_182_trunk,-900.0,1500.0,-5.0,1.7,12
Cylinder_183_crown,-250.0,-250.0,-11.5,23,21
Cylinder_183_trunk,-250.0,-250.0,-9.5,2.3,21
Cylinder_184_crown,-600.0,500.0,-16.0,43,30
Cylinder_184_trunk,-600.0,500.0,-14.0,4.3,30
Cylinder_185_crown,-1300.0,-1800.0,-8.0,45,12
Cylinder_185_trunk,-1300.0,-1800.0,-5.0,4.5,12
Cylinder_186_crown,1500.0,800.0,-7.0,21,6
Cylinder_186_trunk,1500.0,800.0,-2.0,2.1,6
Cylinder_187_crown,1600.0,600.0,-16.5,26,27
Cylinder_187_trunk,1600.0,600.0,-12.5,2.6,27
Cylinder_188_crown,1700.0,250.0,-9.5,15,9
Cylinder_188_trunk,1700.0,250.0,-3.5,1.5,9
Cylinder_189_crown,-1500.0,700.0,-14.5,33,25
Cylinder_189_trunk,-1500.0,700.0,-11.5,3.3,25
Cylinder_190_crown,1200.0,-650.0,-4.0,46,6
Cylinder_190_trunk,1200.0,-650.0,-2.0,4.6,6
Cylinder_191_crown,1250.0,300.0,-6.0,36,6
Cylinder_191_trunk,1250.0,300.0,-2.0,3.6,6
Cylinder_192_crown,-350.0,-150.0,-17.5,22,25
Cylinder_192_trunk,-350.0,-150.0,-11.5,2.2,25
Cylinder_193_crown,1500.0,-450.0,-11.0,42,18
Cylinder_193_trunk,1500.0,-450.0,-8.0,4.2,18
Cylinder_194_crown,350.0,-1400.0,-11.5,32,15
Cylinder_194_trunk,350.0,-1400.0,-6.5,3.2,15
Cylinder_195_crown,700.0,250.0,-20.0,17,30
Cylinder_195_trunk,700.0,250.0,-14.0,1.7,30
Cylinder_196_crown,500.0,700.0,-11.0,40,12
Cylinder_196_trunk,500.0,700.0,-5.0,4.0,12
Cylinder_197_crown,-1150.0,-650.0,-5.5,42,9
Cylinder_197_trunk,-1150.0,-650.0,-3.5,4.2,9
Cylinder_198_crown,-1800.0,1050.0,-8.5,28,11
Cylinder_198_trunk,-1800.0,1050.0,-4.5,2.8,11
Cylinder_199_crown,-400.0,-1250.0,-12.0,22,14
Cylinder_199_trunk,-400.0,-1250.0,-6.0,2.2,14
Cylinder_200_crown,-1100.0,-200.0,-10.5,27,13
Cylinder_200_trunk,-1100.0,-200.0,-5.5,2.7,13
Cylinder_201_crown,-1600.0,450.0,-13.5,44,21
Cylinder_201_trunk,-1600.0,450.0,-9.5,4.4,21
Cylinder_202_crown,1400.0,1300.0,-7.5,13,13
Cylinder_202_trunk,1400.0,1300.0,-5.5,1.3,13
Cylinder_203_crown,50.0,-50.0,-13.5,31,21
Cylinder_203_trunk,50.0,-50.0,-9.5,3.1,21
Cylinder_204_crown,250.0,-1400.0,-3.5,44,5
Cylinder_204_trunk,250.0,-1400.0,-1.5,4.4,5
Cylinder_205_crown,1600.0,-1550.0,-8.0,38,14
Cylinder_205_trunk,1600.0,-1550.0,-6.0,3.8,14
Cylinder_206_crown,-650.0,1350.0,-6.0,47,10
Cylinder_206_trunk,-650.0,1350.0,-4.0,4.7,10
Cylinder_207_crown,1300.0,800.0,-12.5,33,17
Cylinder_207_trunk,1300.0,800.0,-7.5,3.3,17
Cylinder_208_crown,100.0,-1500.0,-10.5,25,11
Cylinder_208_trunk,100.0,-1500.0,-4.5,2.5,11
Cylinder_209_crown,850.0,1800.0,-12.0,26,16
Cylinder_209_trunk,850.0,1800.0,-7.0,2.6,16
Cylinder_210_crown,1450.0,-500.0,-10.0,45,18
Cylinder_210_trunk,1450.0,-500.0,-8.0,4.5,18
Cylinder_211_crown,900.0,300.0,-17.0,48,24
Cylinder_211_trunk,900.0,300.0,-11.0,4.8,24
Cylinder_212_crown,50.0,0.0,-11.5,24,21
Cylinder_212_trunk,50.0,0.0,-9.5,2.4,21
Cylinder_213_crown,550.0,-1100.0,-9.0,49,8
Cylinder_213_trunk,550.0,-1100.0,-3.0,4.9,8
Cylinder_214_crown,1000.0,-350.0,-11.5,33,13
Cylinder_214_trunk,1000.0,-350.0,-5.5,3.3,13
Cylinder_215_crown,-150.0,800.0,-14.5,22,25
Cylinder_215_trunk,-150.0,800.0,-11.5,2.2,25
Cylinder_216_crown,-850.0,1750.0,-10.0,49,16
Cylinder_216_trunk,-850.0,1750.0,-7.0,4.9,16
Cylinder_217_crown,-1700.0,-900.0,-19.0,45,30
Cylinder_217_trunk,-1700.0,-900.0,-14.0,4.5,30
Cylinder_218_crown,400.0,-1650.0,-15.5,45,25
Cylinder_218_trunk,400.0,-1650.0,-11.5,4.5,25
Cylinder_219_crown,-1650.0,1650.0,-13.0,45,18
Cylinder_219_trunk,-1650.0,1650.0,-8.0,4.5,18
Cylinder_220_crown,-1000.0,750.0,-10.5,23,17
Cylinder_220_trunk,-1000.0,750.0,-7.5,2.3,17
Cylinder_221_crown,-1550.0,-800.0,-14.5,31,23
Cylinder_221_trunk,-1550.0,-800.0,-10.5,3.1,23
Cylinder_222_crown,1800.0,-800.0,-14.0,15,20
Cylinder_222_trunk,1800.0,-800.0,-9.0,1.5,20
Cylinder_223_crown,-1700.0,-1750.0,-10.5,26,13
Cylinder_223_trunk,-1700.0,-1750.0,-5.5,2.6,13
Cylinder_224_crown,-100.0,-1450.0,-11.5,36,21
Cylinder_224_trunk,-100.0,-1450.0,-9.5,3.6,21
Cylinder_225_crown,1700.0,1250.0,-10.0,33,16
Cylinder_225_trunk,1700.0,1250.0,-7.0,3.3,16
Cylinder_226_crown,1300.0,700.0,-12.0,23,14
Cylinder_226_trunk,1300.0,700.0,-6.0,2.3,14
Cylinder_227_crown,-700.0,1800.0,-14.0,47,22
Cylinder_227_trunk,-700.0,1800.0,-10.0,4.7,22
Cylinder_228_crown,-1500.0,-1800.0,-4.0,36,6
Cylinder_228_trunk,-1500.0,-1800.0,-2.0,3.6,6
Cylinder_229_crown,-1300.0,-1550.0,-10.5,47,13
Cylinder_229_trunk,-1300.0,-1550.0,-5.5,4.7,13
Cylinder_230_crown,-1200.0,300.0,-15.0,19,24
Cylinder_230_trunk,-1200.0,300.0,-11.0,1.9,24
Cylinder_231_crown,-600.0,1750.0,-10.5,13,17
Cylinder_231_trunk,-600.0,1750.0,-7.5,1.3,17
Cylinder_232_crown,900.0,-1500.0,-9.0,20,10
Cylinder_232_trunk,900.0,-1500.0,-4.0,2.0,10
Cylinder_233_crown,250.0,550.0,-13.0,14,24
Cylinder_233_trunk,250.0,550.0,-11.0,1.4,24
Cylinder_234_crown,-1350.0,950.0,-14.0,49,20
Cylinder_234_trunk,-1350.0,950.0,-9.0,4.9,20
Cylinder_235_crown,-400.0,100.0,-8.5,44,9
Cylinder_235_trunk,-400.0,100.0,-3.5,4.4,9
Cylinder_236_crown,450.0,300.0,-7.0,15,10
Cylinder_236_trunk,450.0,300.0,-4.0,1.5,10
Cylinder_237_crown,600.0,-700.0,-7.5,27,9
Cylinder_237_trunk,600.0,-700.0,-3.5,2.7,9
Cylinder_238_crown,-650.0,-600.0,-10.5,33,17
Cylinder_238_trunk,-650.0,-600.0,-7.5,3.3,17
Cylinder_239_crown,-1200.0,450.0,-16.0,10,30
Cylinder_239_trunk,-1200.0,450.0,-14.0,1.0,30
Cylinder_240_crown,750.0,-1400.0,-9.5,26,9
Cylinder_240_trunk,750.0,-1400.0,-3.5,2.6,9
Cylinder_241_crown,1650.0,300.0,-7.5,43,5
Cylinder_241_trunk,1650.0,300.0,-1.5,4.3,5
Cylinder_242_crown,1500.0,-650.0,-15.0,26,26
Cylinder_242_trunk,1500.0,-650.0,-12.0,2.6,26
Cylinder_243_crown,-1300.0,1450.0,-8.0,37,14
Cylinder_243_trunk,-1300.0,1450.0,-6.0,3.7,14
Cylinder_244_crown,-1800.0,-1300.0,-16.0,42,28
Cylinder_244_trunk,-1800.0,-1300.0,-13.0,4.2,28
Cylinder_245_crown,-1150.0,-1150.0,-9.5,42,9
Cylinder_245_trunk,-1150.0,-1150.0,-3.5,4.2,9
Cylinder_246_crown,-200.0,1200.0,-14.0,47,26
Cylinder_246_trunk,-200.0,1200.0,-12.0,4.7,26
Cylinder_247_crown,-1150.0,-1400.0,-10.5,16,13
Cylinder_247_trunk,-1150.0,-1400.0,-5.5,1.6,13
Cylinder_248_crown,1100.0,-150.0,-16.5,18,23
Cylinder_248_trunk,1100.0,-150.0,-10.5,1.8,23
Cylinder_249_crown,950.0,-500.0,-16.0,16,24
Cylinder_249_trunk,950.0,-500.0,-11.0,1.6,24
Cylinder_250_crown,600.0,100.0,-15.5,39,23
Cylinder_250_trunk,600.0,100.0,-10.5,3.9,23
Cylinder_251_crown,1300.0,300.0,-11.5,16,21
Cylinder_251_trunk,1300.0,300.0,-9.5,1.6,21
Cylinder_252_crown,-800.0,-1100.0,-9.5,13,15
Cylinder_252_trunk,-800.0,-1100.0,-6.5,1.3,15
Cylinder_253_crown,-1350.0,-1650.0,-8.0,44,12
Cylinder_253_trunk,-1350.0,-1650.0,-5.0,4.4,12
Cylinder_254_crown,-1050.0,400.0,-10.5,50,19
Cylinder_254_trunk,-1050.0,400.0,-8.5,5.0,19
Cylinder_255_crown,800.0,1550.0,-12.5,45,19
Cylinder_255_trunk,800.0,1550.0,-8.5,4.5,19
Cylinder_256_crown,-1000.0,-950.0,-9.0,36,16
Cylinder_256_trunk,-1000.0,-950.0,-7.0,3.6,16
Cylinder_257_crown,-600.0,1250.0,-6.5,40,7
Cylinder_257_trunk,-600.0,1250.0,-2.5,4.0,7
Cylinder_258_crown,-950.0,1450.0,-4.5,34,7
Cylinder_258_trunk,-950.0,1450.0,-2.5,3.4,7
Cylinder_259_crown,-1800.0,1450.0,-11.5,38,17
Cylinder_259_trunk,-1800.0,1450.0,-7.5,3.8,17
Cylinder_260_crown,850.0,700.0,-11.0,33,14
Cylinder_260_trunk,850.0,700.0,-6.0,3.3,14
Cylinder_261_crown,800.0,850.0,-12.0,18,20
Cylinder_261_trunk,800.0,850.0,-9.0,1.8,20
Cylinder_262_crown,1300.0,-1750.0,-14.0,21,22
Cylinder_262_trunk,1300.0,-1750.0,-10.0,2.1,22
Cylinder_263_crown,-800.0,-1600.0,-15.0,34,24
Cylinder_263_trunk,-800.0,-1600.0,-11.0,3.4,24
Cylinder_264_crown,900.0,150.0,-10.0,21,14
Cylinder_264_trunk,900.0,150.0,-6.0,2.1,14
Cylinder_265_crown,250.0,350.0,-18.0,47,28
Cylinder_265_trunk,250.0,350.0,-13.0,4.7,28
Cylinder_266_crown,1300.0,-100.0,-7.5,11,9
Cylinder_266_trunk,1300.0,-100.0,-3.5,1.1,9
Cylinder_267_crown,200.0,900.0,-15.5,12,27
Cylinder_267_trunk,200.0,900.0,-12.5,1.2,27
Cylinder_268_crown,600.0,-650.0,-9.5,22,9
Cylinder_268_trunk,600.0,-650.0,-3.5,2.2,9
Cylinder_269_crown,-750.0,-600.0,-13.0,22,24
Cylinder_269_trunk,-750.0,-600.0,-11.0,2.2,24
Cylinder_270_crown,150.0,1000.0,-5.5,39,5
Cylinder_270_trunk,150.0,1000.0,-1.5,3.9,5
Cylinder_271_crown,-1700.0,1100.0,-16.5,15,25
Cylinder_271_trunk,-1700.0,1100.0,-11.5,1.5,25
Cylinder_272_crown,1200.0,-150.0,-11.5,50,13
Cylinder_272_trunk,1200.0,-150.0,-5.5,5.0,13
Cylinder_273_crown,-250.0,1250.0,-13.0,47,20
Cylinder_273_trunk,-250.0,1250.0,-9.0,4.7,20
Cylinder_274_crown,1400.0,50.0,-17.5,30,25
Cylinder_274_trunk,1400.0,50.0,-11.5,3.0,25
Cylinder_275_crown,-750.0,1050.0,-9.5,15,13
Cylinder_275_trunk,-750.0,1050.0,-5.5,1.5,13
Cylinder_276_crown,-700.0,1750.0,-10.5,18,11
Cylinder_276_trunk,-700.0,1750.0,-4.5,1.8,11
Cylinder_277_crown,-1250.0,-1700.0,-13.0,42,20
Cylinder_277_trunk,-1250.0,-1700.0,-9.0,4.2,20
Cylinder_278_crown,-500.0,200.0,-13.0,31,18
Cylinder_278_trunk,-500.0,200.0,-8.0,3.1,18
Cylinder_279_crown,-300.0,550.0,-10.0,19,14
Cylinder_279_trunk,-300.0,550.0,-6.0,1.9,14
Cylinder_280_crown,-1200.0,-1200.0,-4.5,39,5
Cylinder_280_trunk,-1200.0,-1200.0,-1.5,3.9,5
Cylinder_281_crown,-700.0,1500.0,-11.5,14,19
Cylinder_281_trunk,-700.0,1500.0,-8.5,1.4,19
Cylinder_282_crown,-250.0,1400.0,-11.0,32,12
Cylinder_282_trunk,-250.0,1400.0,-5.0,3.2,12
Cylinder_283_crown,-250.0,1300.0,-13.0,30,20
Cylinder_283_trunk,-250.0,1300.0,-9.0,3.0,20
Cylinder_284_crown,-900.0,550.0,-10.0,17,12
Cylinder_284_trunk,-900.0,550.0,-5.0,1.7,12
Cylinder_285_crown,-350.0,550.0,-9.0,21,10
Cylinder_285_trunk,-350.0,550.0,-4.0,2.1,10
Cylinder_286_crown,900.0,300.0,-9.0,30,10
Cylinder_286_trunk,900.0,300.0,-4.0,3.0,10
Cylinder_287_crown,-600.0,850.0,-8.0,42,8
Cylinder_287_trunk,-600.0,850.0,-3.0,4.2,8
Cylinder_288_crown,-1250.0,350.0,-5.0,18,6
Cylinder_288_trunk,-1250.0,350.0,-2.0,1.8,6
Cylinder_289_crown,1450.0,700.0,-13.5,25,25
Cylinder_289_trunk,1450.0,700.0,-11.5,2.5,25
Cylinder_290_crown,-1150.0,-500.0,-19.5,11,29
Cylinder_290_trunk,-1150.0,-500.0,-13.5,1.1,29
Cylinder_291_crown,150.0,-1650.0,-7.0,44,6
Cylinder_291_trunk,150.0,-1650.0,-2.0,4.4,6
Cylinder_292_crown,650.0,-1100.0,-8.5,40,7
Cylinder_292_trunk,650.0,-1100.0,-2.5,4.0,7
Cylinder_293_crown,650.0,-1150.0,-12.5,15,23
Cylinder_293_trunk,650.0,-1150.0,-10.5,1.5,23
Cylinder_294_crown,-300.0,350.0,-14.5,46,21
Cylinder_294_trunk,-300.0,350.0,-9.5,4.6,21
Cylinder_295_crown,950.0,-1150.0,-7.5,23,9
Cylinder_295_trunk,950.0,-1150.0,-3.5,2.3,9
Cylinder_296_crown,1150.0,-1600.0,-9.5,14,9
Cylinder_296_trunk,1150.0,-1600.0,-3.5,1.4,9
Cylinder_297_crown,-1500.0,350.0,-9.5,28,13
Cylinder_297_trunk,-1500.0,350.0,-5.5,2.8,13
Cylinder_298_crown,950.0,1050.0,-16.5,45,29
Cylinder_298_trunk,950.0,1050.0,-13.5,4.5,29
Cylinder_299_crown,-650.0,100.0,-14.5,12,23
Cylinder_299_trunk,-650.0,100.0,-10.5,1.2,23
Cylinder_300_crown,950.0,600.0,-15.0,46,26
Cylinder_300_trunk,950.0,600.0,-12.0,4.6,26
Cylinder_301_crown,-250.0,-1800.0,-13.0,10,22
Cylinder_301_trunk,-250.0,-1800.0,-10.0,1.0,22
Cylinder_302_crown,-1700.0,-850.0,-16.5,18,29
Cylinder_302_trunk,-1700.0,-850.0,-13.5,1.8,29
Cylinder_303_crown,-1800.0,150.0,-17.0,24,28
Cylinder_303_trunk,-1800.0,150.0,-13.0,2.4,28
Cylinder_304_crown,-1800.0,-1200.0,-12.5,24,21
Cylinder_304_trunk,-1800.0,-1200.0,-9.5,2.4,21
Cylinder_305_crown,-500.0,1200.0,-12.5,24,19
Cylinder_305_trunk,-500.0,1200.0,-8.5,2.4,19
Cylinder_306_crown,350.0,150.0,-10.0,10,12
Cylinder_306_trunk,350.0,150.0,-5.0,1.0,12
Cylinder_307_crown,150.0,-750.0,-18.0,46,26
Cylinder_307_trunk,150.0,-750.0,-12.0,4.6,26
Cylinder_308_crown,-750.0,1450.0,-7.0,44,12
Cylinder_308_trunk,-750.0,1450.0,-5.0,4.4,12
Cylinder_309_crown,-550.0,-1000.0,-14.0,24,18
Cylinder_309_trunk,-550.0,-1000.0,-8.0,2.4,18
Cylinder_310_crown,-1550.0,-1300.0,-15.5,17,21
Cylinder_310_trunk,-1550.0,-1300.0,-9.5,1.7,21
Cylinder_311_crown,1400.0,650.0,-14.0,50,20
Cylinder_311_trunk,1400.0,650.0,-9.0,5.0,20
Cylinder_312_crown,-700.0,-1700.0,-11.5,36,21
Cylinder_312_trunk,-700.0,-1700.0,-9.5,3.6,21
Cylinder_313_crown,1400.0,-1100.0,-15.0,25,28
Cylinder_313_trunk,1400.0,-1100.0,-13.0,2.5,28
Cylinder_314_crown,250.0,1750.0,-13.5,22,23
Cylinder_314_trunk,250.0,1750.0,-10.5,2.2,23
Cylinder_315_crown,1150.0,-1700.0,-19.0,38,30
Cylinder_315_trunk,1150.0,-1700.0,-14.0,3.8,30
Cylinder_316_crown,1350.0,800.0,-14.0,47,26
Cylinder_316_trunk,1350.0,800.0,-12.0,4.7,26
Cylinder_317_crown,-1300.0,1450.0,-13.0,50,22
Cylinder_317_trunk,-1300.0,1450.0,-10.0,5.0,22
Cylinder_318_crown,-1500.0,950.0,-16.5,35,25
Cylinder_318_trunk,-1500.0,950.0,-11.5,3.5,25
Cylinder_319_crown,900.0,-1800.0,-7.5,17,11
Cylinder_319_trunk,900.0,-1800.0,-4.5,1.7,11
Cylinder_320_crown,900.0,450.0,-10.5,19,19
Cylinder_320_trunk,900.0,450.0,-8.5,1.9,19
Cylinder_321_crown,-300.0,1500.0,-13.0,43,24
Cylinder_321_trunk,-300.0,1500.0,-11.0,4.3,24
Cylinder_322_crown,350.0,-300.0,-18.5,29,29
Cylinder_322_trunk,350.0,-300.0,-13.5,2.9,29
Cylinder_323_crown,-1400.0,-50.0,-9.5,18,11
Cylinder_323_trunk,-1400.0,-50.0,-4.5,1.8,11
Cylinder_324_crown,-50.0,-1700.0,-16.5,10,25
Cylinder_324_trunk,-50.0,-1700.0,-11.5,1.0,25
Cylinder_325_crown,350.0,1450.0,-8.0,14,12
Cylinder_325_trunk,350.0,1450.0,-5.0,1.4,12
Cylinder_326_crown,-400.0,1250.0,-15.0,33,24
Cylinder_326_trunk,-400.0,1250.0,-11.0,3.3,24
Cylinder_327_crown,-50.0,-1600.0,-7.5,30,11
Cylinder_327_trunk,-50.0,-1600.0,-4.5,3.0,11
Cylinder_328_crown,850.0,1050.0,-6.0,16,6
Cylinder_328_trunk,850.0,1050.0,-2.0,1.6,6
Cylinder_329_crown,450.0,-850.0,-13.5,13,19
Cylinder_329_trunk,450.0,-850.0,-8.5,1.3,19
Cylinder_330_crown,-1400.0,300.0,-6.5,39,5
Cylinder_330_trunk,-1400.0,300.0,-1.5,3.9,5
Cylinder_331_crown,1650.0,-200.0,-16.5,28,23
Cylinder_331_trunk,1650.0,-200.0,-10.5,2.8,23
Cylinder_332_crown,1600.0,550.0,-11.5,17,13
Cylinder_332_trunk,1600.0,550.0,-5.5,1.7,13
Cylinder_333_crown,700.0,650.0,-7.5,26,11
Cylinder_333_trunk,700.0,650.0,-4.5,2.6,11
Cylinder_334_crown,-250.0,-400.0,-6.5,15,5
Cylinder_334_trunk,-250.0,-400.0,-1.5,1.5,5
Cylinder_335_crown,-1350.0,50.0,-6.0,18,10
Cylinder_335_trunk,-1350.0,50.0,-4.0,1.8,10
Cylinder_336_crown,1500.0,-900.0,-9.0,18,14
Cylinder_336_trunk,1500.0,-900.0,-6.0,1.8,14
Cylinder_337_crown,1200.0,1450.0,-14.0,17,24
Cylinder_337_trunk,1200.0,1450.0,-11.0,1.7,24
Cylinder_338_crown,250.0,550.0,-6.5,22,7
Cylinder_338_trunk,250.0,550.0,-2.5,2.2,7
Cylinder_339_crown,-400.0,-850.0,-15.0,12,28
Cylinder_339_trunk,-400.0,-850.0,-13.0,1.2,28
Cylinder_340_crown,-350.0,-950.0,-10.0,15,16
Cylinder_340_trunk,-350.0,-950.0,-7.0,1.5,16
Cylinder_341_crown,-50.0,1100.0,-15.5,41,21
Cylinder_341_trunk,-50.0,1100.0,-9.5,4.1,21
Cylinder_342_crown,-600.0,-50.0,-11.5,14,13
Cylinder_342_trunk,-600.0,-50.0,-5.5,1.4,13
Cylinder_343_crown,1600.0,-300.0,-9.5,29,9
Cylinder_343_trunk,1600.0,-300.0,-3.5,2.9,9
Cylinder_344_crown,150.0,1250.0,-14.5,27,23
Cylinder_344_trunk,150.0,1250.0,-10.5,2.7,23
Cylinder_345_crown,-300.0,1200.0,-14.0,46,24
Cylinder_345_trunk,-300.0,1200.0,-11.0,4.6,24
Cylinder_346_crown,-300.0,550.0,-7.0,25,8
Cylinder_346_trunk,-300.0,550.0,-3.0,2.5,8
Cylinder_347_crown,-600.0,-1350.0,-10.0,35,14
Cylinder_347_trunk,-600.0,-1350.0,-6.0,3.5,14
Cylinder_348_crown,-1000.0,150.0,-7.5,29,9
Cylinder_348_trunk,-1000.0,150.0,-3.5,2.9,9
Cylinder_349_crown,1550.0,-1650.0,-15.5,28,21
Cylinder_349_trunk,1550.0,-1650.0,-9.5,2.8,21
Cylinder_350_crown,-300.0,-250.0,-7.0,11,8
Cylinder_350_trunk,-300.0,-250.0,-3.0,1.1,8
Cylinder_351_crown,1100.0,-950.0,-12.0,15,20
Cylinder_351_trunk,1100.0,-950.0,-9.0,1.5,20
Cylinder_352_crown,-800.0,1250.0,-14.0,27,24
Cylinder_352_trunk,-800.0,1250.0,-11.0,2.7,24
Cylinder_353_crown,950.0,900.0,-14.0,40,20
Cylinder_353_trunk,950.0,900.0,-9.0,4.0,20
Cylinder_354_crown,1650.0,-300.0,-14.0,24,24
Cylinder_354_trunk,1650.0,-300.0,-11.0,2.4,24
Cylinder_355_crown,-700.0,650.0,-9.0,10,16
Cylinder_355_trunk,-700.0,650.0,-7.0,1.0,16
Cylinder_356_crown,-850.0,-1200.0,-9.0,24,10
Cylinder_356_trunk,-850.0,-1200.0,-4.0,2.4,10
Cylinder_357_crown,1100.0,-1450.0,-6.5,11,11
Cylinder_357_trunk,1100.0,-1450.0,-4.5,1.1,11
Cylinder_358_crown,-1050.0,-800.0,-9.0,25,12
Cylinder_358_trunk,-1050.0,-800.0,-5.0,2.5,12
Cylinder_359_crown,-1300.0,1000.0,-12.0,35,18
Cylinder_359_trunk,-1300.0,1000.0,-8.0,3.5,18
Cylinder_360_crown,-150.0,-450.0,-6.0,44,6
Cylinder_360_trunk,-150.0,-450.0,-2.0,4.4,6
Cylinder_361_crown,-1050.0,-1400.0,-11.5,24,17
Cylinder_361_trunk,-1050.0,-1400.0,-7.5,2.4,17
Cylinder_362_crown,-350.0,100.0,-8.5,29,11
Cylinder_362_trunk,-350.0,100.0,-4.5,2.9,11
Cylinder_363_crown,-1650.0,550.0,-7.5,48,5
Cylinder_363_trunk,-1650.0,550.0,-1.5,4.8,5
Cylinder_364_crown,-1600.0,-1150.0,-9.0,12,12
Cylinder_364_trunk,-1600.0,-1150.0,-5.0,1.2,12
Cylinder_365_crown,-300.0,-50.0,-14.5,33,21
Cylinder_365_trunk,-300.0,-50.0,-9.5,3.3,21
Cylinder_366_crown,50.0,-250.0,-10.0,19,16
Cylinder_366_trunk,50.0,-250.0,-7.0,1.9,16
Cylinder_367_crown,1650.0,-1650.0,-12.0,23,14
Cylinder_367_trunk,1650.0,-1650.0,-6.0,2.3,14
Cylinder_368_crown,-1300.0,-300.0,-16.5,38,27
Cylinder_368_trunk,-1300.0,-300.0,-12.5,3.8,27
Cylinder_369_crown,150.0,-1050.0,-13.5,22,21
Cylinder_369_trunk,150.0,-1050.0,-9.5,2.2,21
Cylinder_370_crown,500.0,-1350.0,-4.0,21,6
Cylinder_370_trunk,500.0,-1350.0,-2.0,2.1,6
Cylinder_371_crown,1350.0,1300.0,-12.0,24,16
Cylinder_371_trunk,1350.0,1300.0,-7.0,2.4,16
Cylinder_372_crown,500.0,300.0,-17.5,24,25
Cylinder_372_trunk,500.0,300.0,-11.5,2.4,25
Cylinder_373_crown,-900.0,-1550.0,-7.0,44,10
Cylinder_373_trunk,-900.0,-1550.0,-4.0,4.4,10
Cylinder_374_crown,-1550.0,1200.0,-12.5,29,19
Cylinder_374_trunk,-1550.0,1200.0,-8.5,2.9,19
Cylinder_375_crown,-950.0,950.0,-6.5,32,11
Cylinder_375_trunk,-950.0,950.0,-4.5,3.2,11
Cylinder_376_crown,1400.0,-200.0,-17.0,23,28
Cylinder_376_trunk,1400.0,-200.0,-13.0,2.3,28
Cylinder_377_crown,50.0,150.0,-5.0,44,8
Cylinder_377_trunk,50.0,150.0,-3.0,4.4,8
Cylinder_378_crown,1150.0,600.0,-10.0,41,10
Cylinder_378_trunk,1150.0,600.0,-4.0,4.1,10
Cylinder_379_crown,900.0,750.0,-12.5,17,23
Cylinder_379_trunk,900.0,750.0,-10.5,1.7,23
Cylinder_380_crown,1150.0,1500.0,-10.5,48,15
Cylinder_380_trunk,1150.0,1500.0,-6.5,4.8,15
Cylinder_381_crown,-100.0,-350.0,-6.5,17,11
Cylinder_381_trunk,-100.0,-350.0,-4.5,1.7,11
Cylinder_382_crown,450.0,1650.0,-12.5,44,21
Cylinder_382_trunk,450.0,1650.0,-9.5,4.4,21
Cylinder_383_crown,400.0,350.0,-9.5,42,11
Cylinder_383_trunk,400.0,350.0,-4.5,4.2,11
Cylinder_384_crown,-1050.0,-200.0,-6.5,28,5
Cylinder_384_trunk,-1050.0,-200.0,-1.5,2.8,5
Cylinder_385_crown,-950.0,950.0,-6.0,11,8
Cylinder_385_trunk,-950.0,950.0,-3.0,1.1,8
Cylinder_386_crown,-1000.0,-1150.0,-17.0,30,24
Cylinder_386_trunk,-1000.0,-1150.0,-11.0,3.0,24
Cylinder_387_crown,-100.0,900.0,-11.0,14,20
Cylinder_387_trunk,-100.0,900.0,-9.0,1.4,20
Cylinder_388_crown,-150.0,850.0,-10.0,27,16
Cylinder_388_trunk,-150.0,850.0,-7.0,2.7,16
Cylinder_389_crown,1250.0,1250.0,-9.0,12,8
Cylinder_389_trunk,1250.0,1250.0,-3.0,1.2,8
Cylinder_390_crown,-550.0,450.0,-13.0,14,24
Cylinder_390_trunk,-550.0,450.0,-11.0,1.4,24
Cylinder_391_crown,-1550.0,1050.0,-12.0,42,22
Cylinder_391_trunk,-1550.0,1050.0,-10.0,4.2,22
Cylinder_392_crown,800.0,150.0,-10.5,35,17
Cylinder_392_trunk,800.0,150.0,-7.5,3.5,17
Cylinder_393_crown,-600.0,-50.0,-12.5,23,23
Cylinder_393_trunk,-600.0,-50.0,-10.5,2.3,23
Cylinder_394_crown,-1650.0,-150.0,-15.0,19,20
Cylinder_394_trunk,-1650.0,-150.0,-9.0,1.9,20
Cylinder_395_crown,-50.0,-800.0,-13.0,22,16
Cylinder_395_trunk,-50.0,-800.0,-7.0,2.2,16
Cylinder_396_crown,1700.0,-1800.0,-13.0,16,18
Cylinder_396_trunk,1700.0,-1800.0,-8.0,1.6,18
Cylinder_397_crown,-1450.0,1350.0,-9.0,47,16
Cylinder_397_trunk,-1450.0,1350.0,-7.0,4.7,16
Cylinder_398_crown,500.0,1400.0,-19.0,48,30
Cylinder_398_trunk,500.0,1400.0,-14.0,4.8,30
Cylinder_399_crown,-50.0,1050.0,-12.0,19,20
Cylinder_399_trunk,-50.0,1050.0,-9.0,1.9,20
Cylinder_400_crown,-1350.0,-1000.0,-15.5,41,23
Cylinder_400_trunk,-1350.0,-1000.0,-10.5,4.1,23
Cylinder_401_crown,1000.0,1600.0,-16.5,10,29
Cylinder_401_trunk,1000.0,1600.0,-13.5,1.0,29
Cylinder_402_crown,1550.0,-500.0,-6.0,12,10
Cylinder_402_trunk,1550.0,-500.0,-4.0,1.2,10
Cylinder_403_crown,550.0,1450.0,-15.0,24,26
Cylinder_403_trunk,550.0,1450.0,-12.0,2.4,26
Cylinder_404_crown,-1500.0,0.0,-18.5,36,27
Cylinder_404_trunk,-1500.0,0.0,-12.5,3.6,27
Cylinder_405_crown,1500.0,1600.0,-19.5,15,29
Cylinder_405_trunk,1500.0,1600.0,-13.5,1.5,29
Cylinder_406_crown,1100.0,400.0,-15.0,14,24
Cylinder_406_trunk,1100.0,400.0,-11.0,1.4,24
Cylinder_407_crown,150.0,1100.0,-13.0,42,22
Cylinder_407_trunk,150.0,1100.0,-10.0,4.2,22
Cylinder_408_crown,-1500.0,200.0,-18.5,23,29
Cylinder_408_trunk,-1500.0,200.0,-13.5,2.3,29
Cylinder_409_crown,650.0,-1750.0,-7.5,17,9
Cylinder_409_trunk,650.0,-1750.0,-3.5,1.7,9
Cylinder_410_crown,-1650.0,-450.0,-12.5,39,23
Cylinder_410_trunk,-1650.0,-450.0,-10.5,3.9,23
Cylinder_411_crown,900.0,850.0,-5.5,46,5
Cylinder_411_trunk,900.0,850.0,-1.5,4.6,5
Cylinder_412_crown,500.0,300.0,-16.5,10,23
Cylinder_412_trunk,500.0,300.0,-10.5,1.0,23
Cylinder_413_crown,-550.0,-1150.0,-14.5,38,27
Cylinder_413_trunk,-550.0,-1150.0,-12.5,3.8,27
Cylinder_414_crown,-300.0,-900.0,-11.5,22,17
Cylinder_414_trunk,-300.0,-900.0,-7.5,2.2,17
Cylinder_415_crown,1050.0,-1600.0,-14.5,46,27
Cylinder_415_trunk,1050.0,-1600.0,-12.5,4.6,27
Cylinder_416_crown,-1600.0,550.0,-14.0,44,24
Cylinder_416_trunk,-1600.0,550.0,-11.0,4.4,24
Cylinder_417_crown,-550.0,-600.0,-11.5,43,13
Cylinder_417_trunk,-550.0,-600.0,-5.5,4.3,13
Cylinder_418_crown,-100.0,1200.0,-13.0,22,16
Cylinder_418_trunk,-100.0,1200.0,-7.0,2.2,16
Cylinder_419_crown,-200.0,-200.0,-13.0,45,16
Cylinder_419_trunk,-200.0,-200.0,-7.0,4.5,16
Cylinder_420_crown,-800.0,-1100.0,-13.5,27,19
Cylinder_420_trunk,-800.0,-1100.0,-8.5,2.7,19
Cylinder_421_crown,-1700.0,-450.0,-6.5,31,9
Cylinder_421_trunk,-1700.0,-450.0,-3.5,3.1,9
Cylinder_422_crown,-1800.0,950.0,-11.0,15,20
Cylinder_422_trunk,-1800.0,950.0,-9.0,1.5,20
Cylinder_423_crown,1600.0,950.0,-13.5,36,23
Cylinder_423_trunk,1600.0,950.0,-10.5,3.6,23
Cylinder_424_crown,-1800.0,-1250.0,-19.0,41,30
Cylinder_424_trunk,-1800.0,-1250.0,-14.0,4.1,30
Cylinder_425_crown,1350.0,-150.0,-18.5,45,27
Cylinder_425_trunk,1350.0,-150.0,-12.5,4.5,27
Cylinder_426_crown,1400.0,100.0,-4.0,49,6
Cylinder_426_trunk,1400.0,100.0,-2.0,4.9,6
Cylinder_427_crown,-1200.0,1450.0,-13.0,26,16
Cylinder_427_trunk,-1200.0,1450.0,-7.0,2.6,16
Cylinder_428_crown,1250.0,-150.0,-15.5,17,21
Cylinder_428_trunk,1250.0,-150.0,-9.5,1.7,21
Cylinder_429_crown,-600.0,850.0,-19.0,25,28
Cylinder_429_trunk,-600.0,850.0,-13.0,2.5,28
Cylinder_430_crown,-1000.0,-150.0,-19.5,48,29
Cylinder_430_trunk,-1000.0,-150.0,-13.5,4.8,29
Cylinder_431_crown,1400.0,-950.0,-7.5,12,9
Cylinder_431_trunk,1400.0,-950.0,-3.5,1.2,9
Cylinder_432_crown,-1250.0,-800.0,-15.0,26,28
Cylinder_432_trunk,-1250.0,-800.0,-13.0,2.6,28
Cylinder_433_crown,-950.0,600.0,-14.5,30,27
Cylinder_433_trunk,-950.0,600.0,-12.5,3.0,27
Cylinder_434_crown,750.0,-1600.0,-8.5,10,11
Cylinder_434_trunk,750.0,-1600.0,-4.5,1.0,11
Cylinder_435_crown,-1450.0,1100.0,-18.0,35,28
Cylinder_435_trunk,-1450.0,1100.0,-13.0,3.5,28
Cylinder_436_crown,200.0,-1000.0,-13.0,37,20
Cylinder_436_trunk,200.0,-1000.0,-9.0,3.7,20
Cylinder_437_crown,-100.0,-100.0,-8.0,32,12
Cylinder_437_trunk,-100.0,-100.0,-5.0,3.2,12
Cylinder_438_crown,-950.0,-1400.0,-12.0,29,20
Cylinder_438_trunk,-950.0,-1400.0,-9.0,2.9,20
Cylinder_439_crown,350.0,-1650.0,-16.5,36,25
Cylinder_439_trunk,350.0,-1650.0,-11.5,3.6,25
Cylinder_440_crown,-1500.0,-1600.0,-13.0,33,16
Cylinder_440_trunk,-1500.0,-1600.0,-7.0,3.3,16
Cylinder_441_crown,400.0,-1500.0,-7.0,28,6
Cylinder_441_trunk,400.0,-1500.0,-2.0,2.8,6
Cylinder_442_crown,1000.0,1300.0,-7.5,44,11
Cylinder_442_trunk,1000.0,1300.0,-4.5,4.4,11
Cylinder_443_crown,450.0,1100.0,-8.0,36,14
Cylinder_443_trunk,450.0,1100.0,-6.0,3.6,14
Cylinder_444_crown,1350.0,1800.0,-15.0,30,24
Cylinder_444_trunk,1350.0,1800.0,-11.0,3.0,24
Cylinder_445_crown,500.0,-1400.0,-9.5,24,11
Cylinder_445_trunk,500.0,-1400.0,-4.5,2.4,11
Cylinder_446_crown,950.0,1400.0,-14.0,11,24
Cylinder_446_trunk,950.0,1400.0,-11.0,1.1,24
Cylinder_447_crown,-1750.0,650.0,-14.0,19,22
Cylinder_447_trunk,-1750.0,650.0,-10.0,1.9,22
Cylinder_448_crown,-1100.0,1650.0,-7.5,18,13
Cylinder_448_trunk,-1100.0,1650.0,-5.5,1.8,13
Cylinder_449_crown,700.0,-900.0,-12.5,23,17
Cylinder_449_trunk,700.0,-900.0,-7.5,2.3,17
Cylinder_450_crown,1200.0,-200.0,-16.5,38,27
Cylinder_450_trunk,1200.0,-200.0,-12.5,3.8,27
Cylinder_451_crown,-850.0,1700.0,-9.5,50,9
Cylinder_451_trunk,-850.0,1700.0,-3.5,5.0,9
Cylinder_452_crown,-800.0,1100.0,-12.0,21,16
Cylinder_452_trunk,-800.0,1100.0,-7.0,2.1,16
Cylinder_453_crown,1200.0,-600.0,-8.0,43,14
Cylinder_453_trunk,1200.0,-600.0,-6.0,4.3,14
Cylinder_454_crown,-600.0,200.0,-8.0,39,12
Cylinder_454_trunk,-600.0,200.0,-5.0,3.9,12
Cylinder_455_crown,50.0,-250.0,-15.5,20,23
Cylinder_455_trunk,50.0,-250.0,-10.5,2.0,23
Cylinder_456_crown,-1050.0,-900.0,-12.0,46,22
Cylinder_456_trunk,-1050.0,-900.0,-10.0,4.6,22
Cylinder_457_crown,-1200.0,-1750.0,-9.5,10,9
Cylinder_457_trunk,-1200.0,-1750.0,-3.5,1.0,9
Cylinder_458_crown,-1650.0,-200.0,-16.0,25,28
Cylinder_458_trunk,-1650.0,-200.0,-13.0,2.5,28
Cylinder_459_crown,750.0,-650.0,-8.0,10,10
Cylinder_459_trunk,750.0,-650.0,-4.0,1.0,10
Cylinder_460_crown,-1250.0,1300.0,-8.5,43,13
Cylinder_460_trunk,-1250.0,1300.0,-5.5,4.3,13
Cylinder_461_crown,-350.0,800.0,-5.0,13,8
Cylinder_461_trunk,-350.0,800.0,-3.0,1.3,8
Cylinder_462_crown,-900.0,-1000.0,-13.0,17,24
Cylinder_462_trunk,-900.0,-1000.0,-11.0,1.7,24
Cylinder_463_crown,450.0,950.0,-14.0,30,24
Cylinder_463_trunk,450.0,950.0,-11.0,3.0,24
Cylinder_464_crown,500.0,-500.0,-14.0,41,22
Cylinder_464_trunk,500.0,-500.0,-10.0,4.1,22
Cylinder_465_crown,1700.0,-1350.0,-10.0,17,16
Cylinder_465_trunk,1700.0,-1350.0,-7.0,1.7,16
Cylinder_466_crown,1400.0,-100.0,-11.5,28,15
Cylinder_466_trunk,1400.0,-100.0,-6.5,2.8,15
Cylinder_467_crown,150.0,-100.0,-17.5,40,25
Cylinder_467_trunk,150.0,-100.0,-11.5,4.0,25
Cylinder_468_crown,900.0,-350.0,-13.5,16,21
Cylinder_468_trunk,900.0,-350.0,-9.5,1.6,21
Cylinder_469_crown,-850.0,-150.0,-13.0,48,20
Cylinder_469_trunk,-850.0,-150.0,-9.0,4.8,20
Cylinder_470_crown,250.0,1500.0,-11.5,32,15
Cylinder_470_trunk,250.0,1500.0,-6.5,3.2,15
Cylinder_471_crown,750.0,1750.0,-14.5,18,27
Cylinder_471_trunk,750.0,1750.0,-12.5,1.8,27
Cylinder_472_crown,1600.0,150.0,-15.5,34,29
Cylinder_472_trunk,1600.0,150.0,-13.5,3.4,29
Cylinder_473_crown,-650.0,-1750.0,-9.0,40,14
Cylinder_473_trunk,-650.0,-1750.0,-6.0,4.0,14
Cylinder_474_crown,550.0,-1100.0,-7.5,10,13
Cylinder_474_trunk,550.0,-1100.0,-5.5,1.0,13
Cylinder_475_crown,-1000.0,-450.0,-12.0,27,18
Cylinder_475_trunk,-1000.0,-450.0,-8.0,2.7,18
Cylinder_476_crown,-1400.0,0.0,-11.5,31,19
Cylinder_476_trunk,-1400.0,0.0,-8.5,3.1,19
Cylinder_477_crown,-600.0,1300.0,-10.0,31,16
Cylinder_477_trunk,-600.0,1300.0,-7.0,3.1,16
Cylinder_478_crown,-1700.0,1150.0,-7.5,39,13
Cylinder_478_trunk,-1700.0,1150.0,-5.5,3.9,13
Cylinder_479_crown,-750.0,550.0,-7.0,20,12
Cylinder_479_trunk,-750.0,550.0,-5.0,2.0,12
Cylinder_480_crown,1150.0,-1350.0,-12.0,28,14
Cylinder_480_trunk,1150.0,-1350.0,-6.0,2.8,14
Cylinder_481_crown,750.0,50.0,-7.5,27,7
Cylinder_481_trunk,750.0,50.0,-2.5,2.7,7
Cylinder_482_crown,850.0,-250.0,-17.5,22,29
Cylinder_482_trunk,850.0,-250.0,-13.5,2.2,29
Cylinder_483_crown,500.0,850.0,-12.0,41,20
Cylinder_483_trunk,500.0,850.0,-9.0,4.1,20
Cylinder_484_crown,1800.0,-500.0,-16.0,43,22
Cylinder_484_trunk,1800.0,-500.0,-10.0,4.3,22
Cylinder_485_crown,-800.0,800.0,-9.5,31,9
Cylinder_485_trunk,-800.0,800.0,-3.5,3.1,9
Cylinder_486_crown,-1250.0,-700.0,-10.5,43,15
Cylinder_486_trunk,-1250.0,-700.0,-6.5,4.3,15
Cylinder_487_crown,1350.0,-350.0,-10.0,19,16
Cylinder_487_trunk,1350.0,-350.0,-7.0,1.9,16
Cylinder_488_crown,-650.0,950.0,-15.0,45,20
Cylinder_488_trunk,-650.0,950.0,-9.0,4.5,20
Cylinder_489_crown,-400.0,300.0,-16.5,19,29
Cylinder_489_trunk,-400.0,300.0,-13.5,1.9,29
Cylinder_490_crown,1100.0,1500.0,-14.5,46,21
Cylinder_490_trunk,1100.0,1500.0,-9.5,4.6,21
Cylinder_491_crown,-600.0,50.0,-8.0,19,10
Cylinder_491_trunk,-600.0,50.0,-4.0,1.9,10
Cylinder_492_crown,1700.0,-1100.0,-6.5,20,5
Cylinder_492_trunk,1700.0,-1100.0,-1.5,2.0,5
Cylinder_493_crown,550.0,200.0,-13.0,49,20
Cylinder_493_trunk,550.0,200.0,-9.0,4.9,20
Cylinder_494_crown,-750.0,1550.0,-13.5,26,17
Cylinder_494_trunk,-750.0,1550.0,-7.5,2.6,17
Cylinder_495_crown,1050.0,650.0,-8.5,20,15
Cylinder_495_trunk,1050.0,650.0,-6.5,2.0,15
Cylinder_496_crown,150.0,850.0,-19.0,23,28
Cylinder_496_trunk,150.0,850.0,-13.0,2.3,28
Cylinder_497_crown,-900.0,1350.0,-18.5,32,29
Cylinder_497_trunk,-900.0,1350.0,-13.5,3.2,29
Cylinder_498_crown,0.0,-850.0,-15.0,22,22
Cylinder_498_trunk,0.0,-850.0,-10.0,2.2,22
Cylinder_499_crown,350.0,1800.0,-4.5,42,7
Cylinder_499_trunk,350.0,1800.0,-2.5,4.2,7
Cylinder_500_crown,150.0,100.0,-9.0,31,10
Cylinder_500_trunk,150.0,100.0,-4.0,3.1,10
Cylinder_501_crown,-600.0,-1200.0,-12.0,15,22
Cylinder_501_trunk,-600.0,-1200.0,-10.0,1.5,22
Cylinder_502_crown,-1600.0,-1000.0,-12.5,13,17
Cylinder_502_trunk,-1600.0,-1000.0,-7.5,1.3,17
Cylinder_503_crown,1100.0,-1800.0,-8.5,18,7
Cylinder_503_trunk,1100.0,-1800.0,-2.5,1.8,7
Cylinder_504_crown,-500.0,-250.0,-7.5,10,11
Cylinder_504_trunk,-500.0,-250.0,-4.5,1.0,11
Cylinder_505_crown,1050.0,-400.0,-7.5,36,13
Cylinder_505_trunk,1050.0,-400.0,-5.5,3.6,13
Cylinder_506_crown,-450.0,-850.0,-13.5,33,25
Cylinder_506_trunk,-450.0,-850.0,-11.5,3.3,25
Cylinder_507_crown,-1100.0,1200.0,-12.0,19,16
Cylinder_507_trunk,-1100.0,1200.0,-7.0,1.9,16
Cylinder_508_crown,1750.0,1200.0,-11.5,22,13
Cylinder_508_trunk,1750.0,1200.0,-5.5,2.2,13
Cylinder_509_crown,-1250.0,900.0,-13.0,14,22
Cylinder_509_trunk,-1250.0,900.0,-10.0,1.4,22
Cylinder_510_crown,1000.0,-150.0,-16.0,26,24
Cylinder_510_trunk,1000.0,-150.0,-11.0,2.6,24
Cylinder_511_crown,950.0,450.0,-6.0,15,10
Cylinder_511_trunk,950.0,450.0,-4.0,1.5,10
Cylinder_512_crown,-1550.0,-350.0,-12.5,32,17
Cylinder_512_trunk,-1550.0,-350.0,-7.5,3.2,17
Cylinder_513_crown,1100.0,600.0,-13.0,35,20
Cylinder_513_trunk,1100.0,600.0,-9.0,3.5,20
Cylinder_514_crown,-1150.0,400.0,-7.0,29,6
Cylinder_514_trunk,-1150.0,400.0,-2.0,2.9,6
Cylinder_515_crown,1700.0,400.0,-15.0,29,26
Cylinder_515_trunk,1700.0,400.0,-12.0,2.9,26
Cylinder_516_crown,800.0,-1000.0,-10.0,10,16
Cylinder_516_trunk,800.0,-1000.0,-7.0,1.0,16
Cylinder_517_crown,-1350.0,-50.0,-3.5,41,5
Cylinder_517_trunk,-1350.0,-50.0,-1.5,4.1,5
Cylinder_518_crown,800.0,-50.0,-17.0,31,28
Cylinder_518_trunk,800.0,-50.0,-13.0,3.1,28
Cylinder_519_crown,-1750.0,-1050.0,-14.5,35,21
Cylinder_519_trunk,-1750.0,-1050.0,-9.5,3.5,21
Cylinder_520_crown,900.0,1700.0,-13.0,13,18
Cylinder_520_trunk,900.0,1700.0,-8.0,1.3,18
Cylinder_521_crown,1300.0,-800.0,-16.5,18,25
Cylinder_521_trunk,1300.0,-800.0,-11.5,1.8,25
Cylinder_522_crown,-850.0,900.0,-17.0,24,28
Cylinder_522_trunk,-850.0,900.0,-13.0,2.4,28
Cylinder_523_crown,-1000.0,-1800.0,-14.5,16,23
Cylinder_523_trunk,-1000.0,-1800.0,-10.5,1.6,23
Cylinder_524_crown,-250.0,-1250.0,-12.0,44,16
Cylinder_524_trunk,-250.0,-1250.0,-7.0,4.4,16
Cylinder_525_crown,-100.0,1550.0,-5.0,43,6
Cylinder_525_trunk,-100.0,1550.0,-2.0,4.3,6
Cylinder_526_crown,400.0,1750.0,-14.0,28,20
Cylinder_526_trunk,400.0,1750.0,-9.0,2.8,20
Cylinder_527_crown,-250.0,-750.0,-12.5,37,19
Cylinder_527_trunk,-250.0,-750.0,-8.5,3.7,19
Cylinder_528_crown,-300.0,650.0,-10.5,26,17
Cylinder_528_trunk,-300.0,650.0,-7.5,2.6,17
Cylinder_529_crown,650.0,-1250.0,-9.0,43,16
Cylinder_529_trunk,650.0,-1250.0,-7.0,4.3,16
Cylinder_530_crown,-1450.0,-1650.0,-8.5,33,7
Cylinder_530_trunk,-1450.0,-1650.0,-2.5,3.3,7
Cylinder_531_crown,200.0,200.0,-6.0,19,10
Cylinder_531_trunk,200.0,200.0,-4.0,1.9,10
Cylinder_532_crown,-1050.0,-700.0,-7.0,40,6
Cylinder_532_trunk,-1050.0,-700.0,-2.0,4.0,6
Cylinder_533_crown,1050.0,700.0,-6.5,11,9
Cylinder_533_trunk,1050.0,700.0,-3.5,1.1,9
Cylinder_534_crown,-800.0,-200.0,-7.5,31,5
Cylinder_534_trunk,-800.0,-200.0,-1.5,3.1,5
Cylinder_535_crown,1450.0,-1600.0,-14.5,12,25
Cylinder_535_trunk,1450.0,-1600.0,-11.5,1.2,25
Cylinder_536_crown,-1250.0,1350.0,-15.5,47,21
Cylinder_536_trunk,-1250.0,1350.0,-9.5,4.7,21
Cylinder_537_crown,1100.0,-1700.0,-5.5,21,9
Cylinder_537_trunk,1100.0,-1700.0,-3.5,2.1,9
Cylinder_538_crown,750.0,200.0,-9.0,44,16
Cylinder_538_trunk,750.0,200.0,-7.0,4.4,16
Cylinder_539_crown,1000.0,400.0,-11.5,20,21
Cylinder_539_trunk,1000.0,400.0,-9.5,2.0,21
Cylinder_540_crown,-1350.0,-1500.0,-13.5,40,17
Cylinder_540_trunk,-1350.0,-1500.0,-7.5,4.0,17
Cylinder_541_crown,-500.0,1650.0,-7.0,23,6
Cylinder_541_trunk,-500.0,1650.0,-2.0,2.3,6
Cylinder_542_crown,-300.0,-900.0,-16.5,34,25
Cylinder_542_trunk,-300.0,-900.0,-11.5,3.4,25
Cylinder_543_crown,1150.0,-1000.0,-8.5,26,7
Cylinder_543_trunk,1150.0,-1000.0,-2.5,2.6,7
Cylinder_544_crown,-150.0,750.0,-13.0,28,20
Cylinder_544_trunk,-150.0,750.0,-9.0,2.8,20
Cylinder_545_crown,400.0,650.0,-16.0,30,30
Cylinder_545_trunk,400.0,650.0,-14.0,3.0,30
Cylinder_546_crown,-700.0,-1000.0,-11.5,15,19
Cylinder_546_trunk,-700.0,-1000.0,-8.5,1.5,19
Cylinder_547_crown,750.0,-1350.0,-14.5,41,27
Cylinder_547_trunk,750.0,-1350.0,-12.5,4.1,27
Cylinder_548_crown,-150.0,900.0,-9.0,14,14
Cylinder_548_trunk,-150.0,900.0,-6.0,1.4,14
Cylinder_549_crown,1000.0,-800.0,-16.5,42,25
Cylinder_549_trunk,1000.0,-800.0,-11.5,4.2,25
Cylinder_550_crown,-1300.0,-1550.0,-5.5,46,5
Cylinder_550_trunk,-1300.0,-1550.0,-1.5,4.6,5
Cylinder_551_crown,1150.0,650.0,-13.5,24,21
Cylinder_551_trunk,1150.0,650.0,-9.5,2.4,21
Cylinder_552_crown,250.0,1400.0,-7.5,37,5
Cylinder_552_trunk,250.0,1400.0,-1.5,3.7,5
Cylinder_553_crown,-150.0,-100.0,-15.5,21,27
Cylinder_553_trunk,-150.0,-100.0,-12.5,2.1,27
Cylinder_554_crown,-1450.0,-550.0,-9.0,37,16
Cylinder_554_trunk,-1450.0,-550.0,-7.0,3.7,16
Cylinder_555_crown,-350.0,-950.0,-15.5,17,25
Cylinder_555_trunk,-350.0,-950.0,-11.5,1.7,25
Cylinder_556_crown,950.0,-850.0,-17.0,20,28
Cylinder_556_trunk,950.0,-850.0,-13.0,2.0,28
Cylinder_557_crown,800.0,200.0,-4.5,14,7
Cylinder_557_trunk,800.0,200.0,-2.5,1.4,7
Cylinder_558_crown,-1600.0,-1600.0,-12.5,42,19
Cylinder_558_trunk,-1600.0,-1600.0,-8.5,4.2,19
Cylinder_559_crown,-250.0,-200.0,-17.5,42,25
Cylinder_559_trunk,-250.0,-200.0,-11.5,4.2,25
Cylinder_560_crown,1300.0,1450.0,-11.0,26,18
Cylinder_560_trunk,1300.0,1450.0,-8.0,2.6,18
Cylinder_561_crown,400.0,1750.0,-7.5,18,13
Cylinder_561_trunk,400.0,1750.0,-5.5,1.8,13
Cylinder_562_crown,900.0,900.0,-13.0,37,16
Cylinder_562_trunk,900.0,900.0,-7.0,3.7,16
Cylinder_563_crown,-1450.0,-1500.0,-17.5,10,25
Cylinder_563_trunk,-1450.0,-1500.0,-11.5,1.0,25
Cylinder_564_crown,700.0,-950.0,-8.5,12,9
Cylinder_564_trunk,700.0,-950.0,-3.5,1.2,9
Cylinder_565_crown,-1050.0,-1150.0,-8.5,46,15
Cylinder_565_trunk,-1050.0,-1150.0,-6.5,4.6,15
Cylinder_566_crown,-1250.0,500.0,-3.5,46,5
Cylinder_566_trunk,-1250.0,500.0,-1.5,4.6,5
Cylinder_567_crown,150.0,-750.0,-12.0,46,20
Cylinder_567_trunk,150.0,-750.0,-9.0,4.6,20
Cylinder_568_crown,1000.0,-1700.0,-13.5,22,25
Cylinder_568_trunk,1000.0,-1700.0,-11.5,2.2,25
Cylinder_569_crown,750.0,-850.0,-12.0,37,20
Cylinder_569_trunk,750.0,-850.0,-9.0,3.7,20
Cylinder_570_crown,-1400.0,1250.0,-9.5,25,13
Cylinder_570_trunk,-1400.0,1250.0,-5.5,2.5,13
Cylinder_571_crown,-800.0,-300.0,-17.0,26,28
Cylinder_571_trunk,-800.0,-300.0,-13.0,2.6,28
Cylinder_572_crown,-800.0,-850.0,-10.0,14,10
Cylinder_572_trunk,-800.0,-850.0,-4.0,1.4,10
Cylinder_573_crown,-1650.0,-1150.0,-7.5,34,5
Cylinder_573_trunk,-1650.0,-1150.0,-1.5,3.4,5
Cylinder_574_crown,-750.0,700.0,-8.5,35,9
Cylinder_574_trunk,-750.0,700.0,-3.5,3.5,9
Cylinder_575_crown,-1450.0,150.0,-16.0,43,26
Cylinder_575_trunk,-1450.0,150.0,-12.0,4.3,26
Cylinder_576_crown,-300.0,450.0,-16.5,43,29
Cylinder_576_trunk,-300.0,450.0,-13.5,4.3,29
Cylinder_577_crown,350.0,-1750.0,-16.5,35,25
Cylinder_577_trunk,350.0,-1750.0,-11.5,3.5,25
Cylinder_578_crown,50.0,-750.0,-15.0,38,20
Cylinder_578_trunk,50.0,-750.0,-9.0,3.8,20
Cylinder_579_crown,-1800.0,850.0,-13.5,50,21
Cylinder_579_trunk,-1800.0,850.0,-9.5,5.0,21
Cylinder_580_crown,-500.0,-850.0,-8.5,33,11
Cylinder_580_trunk,-500.0,-850.0,-4.5,3.3,11
Cylinder_581_crown,1000.0,1350.0,-7.5,40,13
Cylinder_581_trunk,1000.0,1350.0,-5.5,4.0,13
Cylinder_582_crown,-150.0,1300.0,-18.5,42,27
Cylinder_582_trunk,-150.0,1300.0,-12.5,4.2,27
Cylinder_583_crown,1750.0,900.0,-16.0,38,30
Cylinder_583_trunk,1750.0,900.0,-14.0,3.8,30
Cylinder_584_crown,300.0,750.0,-15.5,26,25
Cylinder_584_trunk,300.0,750.0,-11.5,2.6,25
Cylinder_585_crown,450.0,800.0,-11.5,10,13
Cylinder_585_trunk,450.0,800.0,-5.5,1.0,13
Cylinder_586_crown,-1100.0,1500.0,-12.5,28,17
Cylinder_586_trunk,-1100.0,1500.0,-7.5,2.8,17
Cylinder_587_crown,1750.0,1400.0,-14.0,12,24
Cylinder_587_trunk,1750.0,1400.0,-11.0,1.2,24
Cylinder_588_crown,750.0,-1000.0,-16.0,12,30
Cylinder_588_trunk,750.0,-1000.0,-14.0,1.2,30
Cylinder_589_crown,150.0,-350.0,-11.5,43,15
Cylinder_589_trunk,150.0,-350.0,-6.5,4.3,15
Cylinder_590_crown,1050.0,-900.0,-15.5,38,21
Cylinder_590_trunk,1050.0,-900.0,-9.5,3.8,21
Cylinder_591_crown,200.0,-900.0,-5.5,17,5
Cylinder_591_trunk,200.0,-900.0,-1.5,1.7,5
Cylinder_592_crown,-1150.0,-1650.0,-4.5,32,5
Cylinder_592_trunk,-1150.0,-1650.0,-1.5,3.2,5
Cylinder_593_crown,1650.0,650.0,-5.0,13,6
Cylinder_593_trunk,1650.0,650.0,-2.0,1.3,6
Cylinder_594_crown,-1050.0,-700.0,-8.5,22,9
Cylinder_594_trunk,-1050.0,-700.0,-3.5,2.2,9
Cylinder_595_crown,-650.0,-1600.0,-8.5,37,15
Cylinder_595_trunk,-650.0,-1600.0,-6.5,3.7,15
Cylinder_596_crown,-1300.0,1000.0,-7.5,21,13
Cylinder_596_trunk,-1300.0,1000.0,-5.5,2.1,13
Cylinder_597_crown,300.0,850.0,-15.5,31,27
Cylinder_597_trunk,300.0,850.0,-12.5,3.1,27
Cylinder_598_crown,-50.0,1000.0,-12.0,20,14
Cylinder_598_trunk,-50.0,1000.0,-6.0,2.0,14
Cylinder_599_crown,650.0,850.0,-16.0,16,28
Cylinder_599_trunk,650.0,850.0,-13.0,1.6,28
Cylinder_600_crown,1100.0,-150.0,-18.0,48,30
Cylinder_600_trunk,1100.0,-150.0,-14.0,4.8,30
Cylinder_601_crown,1050.0,1050.0,-15.0,30,26
Cylinder_601_trunk,1050.0,1050.0,-12.0,3.0,26
Cylinder_602_crown,-300.0,-50.0,-13.0,10,18
Cylinder_602_trunk,-300.0,-50.0,-8.0,1.0,18
Cylinder_603_crown,1300.0,-1100.0,-13.0,38,20
Cylinder_603_trunk,1300.0,-1100.0,-9.0,3.8,20
Cylinder_604_crown,-200.0,-750.0,-11.5,25,15
Cylinder_604_trunk,-200.0,-750.0,-6.5,2.5,15
Cylinder_605_crown,650.0,150.0,-6.5,32,9
Cylinder_605_trunk,650.0,150.0,-3.5,3.2,9
Cylinder_606_crown,600.0,200.0,-9.0,36,10
Cylinder_606_trunk,600.0,200.0,-4.0,3.6,10
Cylinder_607_crown,400.0,-1100.0,-16.5,44,27
Cylinder_607_trunk,400.0,-1100.0,-12.5,4.4,27
Cylinder_608_crown,-750.0,1800.0,-13.5,19,25
Cylinder_608_trunk,-750.0,1800.0,-11.5,1.9,25
Cylinder_609_crown,-500.0,-1600.0,-8.5,17,11
Cylinder_609_trunk,-500.0,-1600.0,-4.5,1.7,11
Cylinder_610_crown,-1000.0,1450.0,-6.0,23,10
Cylinder_610_trunk,-1000.0,1450.0,-4.0,2.3,10
Cylinder_611_crown,-1250.0,-1450.0,-8.5,35,11
Cylinder_611_trunk,-1250.0,-1450.0,-4.5,3.5,11
Cylinder_612_crown,750.0,-850.0,-18.0,46,30
Cylinder_612_trunk,750.0,-850.0,-14.0,4.6,30
Cylinder_613_crown,-900.0,-900.0,-14.0,25,22
Cylinder_613_trunk,-900.0,-900.0,-10.0,2.5,22
Cylinder_614_crown,1600.0,-1050.0,-12.0,29,18
Cylinder_614_trunk,1600.0,-1050.0,-8.0,2.9,18
Cylinder_615_crown,-500.0,1200.0,-8.0,44,6
Cylinder_615_trunk,-500.0,1200.0,-2.0,4.4,6
Cylinder_616_crown,1500.0,-1750.0,-4.5,34,7
Cylinder_616_trunk,1500.0,-1750.0,-2.5,3.4,7
Cylinder_617_crown,50.0,750.0,-14.0,14,22
Cylinder_617_trunk,50.0,750.0,-10.0,1.4,22
Cylinder_618_crown,1800.0,-1400.0,-19.0,15,28
Cylinder_618_trunk,1800.0,-1400.0,-13.0,1.5,28
Cylinder_619_crown,-950.0,-700.0,-9.5,47,13
Cylinder_619_trunk,-950.0,-700.0,-5.5,4.7,13
Cylinder_620_crown,-550.0,-250.0,-15.0,21,28
Cylinder_620_trunk,-550.0,-250.0,-13.0,2.1,28
Cylinder_621_crown,-250.0,400.0,-14.5,33,27
Cylinder_621_trunk,-250.0,400.0,-12.5,3.3,27
Cylinder_622_crown,-1500.0,150.0,-15.0,20,22
Cylinder_622_trunk,-1500.0,150.0,-10.0,2.0,22
Cylinder_623_crown,800.0,700.0,-3.5,41,5
Cylinder_623_trunk,800.0,700.0,-1.5,4.1,5
Cylinder_624_crown,1350.0,-650.0,-15.0,30,26
Cylinder_624_trunk,1350.0,-650.0,-12.0,3.0,26
Cylinder_625_crown,1350.0,-500.0,-10.0,42,18
Cylinder_625_trunk,1350.0,-500.0,-8.0,4.2,18
Cylinder_626_crown,750.0,800.0,-10.5,10,13
Cylinder_626_trunk,750.0,800.0,-5.5,1.0,13
Cylinder_627_crown,-1750.0,-650.0,-14.0,39,22
Cylinder_627_trunk,-1750.0,-650.0,-10.0,3.9,22
Cylinder_628_crown,700.0,-1300.0,-16.5,42,27
Cylinder_628_trunk,700.0,-1300.0,-12.5,4.2,27
Cylinder_629_crown,1300.0,-1800.0,-7.0,50,8
Cylinder_629_trunk,1300.0,-1800.0,-3.0,5.0,8
Cylinder_630_crown,1200.0,-1000.0,-8.0,24,6
Cylinder_630_trunk,1200.0,-1000.0,-2.0,2.4,6
Cylinder_631_crown,1350.0,550.0,-12.5,44,21
Cylinder_631_trunk,1350.0,550.0,-9.5,4.4,21
Cylinder_632_crown,-250.0,-1650.0,-11.5,46,19
Cylinder_632_trunk,-250.0,-1650.0,-8.5,4.6,19
Cylinder_633_crown,800.0,-1750.0,-6.0,33,8
Cylinder_633_trunk,800.0,-1750.0,-3.0,3.3,8
Cylinder_634_crown,-1750.0,900.0,-12.5,19,23
Cylinder_634_trunk,-1750.0,900.0,-10.5,1.9,23
Cylinder_635_crown,-600.0,1750.0,-15.0,47,24
Cylinder_635_trunk,-600.0,1750.0,-11.0,4.7,24
Cylinder_636_crown,650.0,-800.0,-9.5,18,9
Cylinder_636_trunk,650.0,-800.0,-3.5,1.8,9
Cylinder_637_crown,950.0,-450.0,-14.0,50,18
Cylinder_637_trunk,950.0,-450.0,-8.0,5.0,18
Cylinder_638_crown,1250.0,-1750.0,-6.0,26,8
Cylinder_638_trunk,1250.0,-1750.0,-3.0,2.6,8
Cylinder_639_crown,1350.0,-850.0,-9.5,23,15
Cylinder_639_trunk,1350.0,-850.0,-6.5,2.3,15
Cylinder_640_crown,-800.0,-1000.0,-7.5,33,11
Cylinder_640_trunk,-800.0,-1000.0,-4.5,3.3,11
Cylinder_641_crown,1050.0,1250.0,-12.0,13,16
Cylinder_641_trunk,1050.0,1250.0,-7.0,1.3,16
Cylinder_642_crown,350.0,-100.0,-8.0,41,14
Cylinder_642_trunk,350.0,-100.0,-6.0,4.1,14
Cylinder_643_crown,-1150.0,1200.0,-16.5,47,23
Cylinder_643_trunk,-1150.0,1200.0,-10.5,4.7,23
Cylinder_644_crown,1700.0,-350.0,-7.0,13,6
Cylinder_644_trunk,1700.0,-350.0,-2.0,1.3,6
Cylinder_645_crown,300.0,1150.0,-4.5,33,5
Cylinder_645_trunk,300.0,1150.0,-1.5,3.3,5
Cylinder_646_crown,150.0,-1350.0,-6.0,42,6
Cylinder_646_trunk,150.0,-1350.0,-2.0,4.2,6
Cylinder_647_crown,100.0,-650.0,-6.0,26,6
Cylinder_647_trunk,100.0,-650.0,-2.0,2.6,6
Cylinder_648_crown,1550.0,450.0,-14.0,24,20
Cylinder_648_trunk,1550.0,450.0,-9.0,2.4,20
Cylinder_649_crown,1250.0,650.0,-18.0,23,30
Cylinder_649_trunk,1250.0,650.0,-14.0,2.3,30
Cylinder_650_crown,300.0,100.0,-10.0,26,14
Cylinder_650_trunk,300.0,100.0,-6.0,2.6,14
Cylinder_651_crown,250.0,150.0,-14.5,24,25
Cylinder_651_trunk,250.0,150.0,-11.5,2.4,25
Cylinder_652_crown,900.0,-750.0,-15.5,37,25
Cylinder_652_trunk,900.0,-750.0,-11.5,3.7,25
Cylinder_653_crown,850.0,600.0,-12.5,41,15
Cylinder_653_trunk,850.0,600.0,-6.5,4.1,15
Cylinder_654_crown,-1600.0,1700.0,-13.5,39,23
Cylinder_654_trunk,-1600.0,1700.0,-10.5,3.9,23
Cylinder_655_crown,1300.0,-1150.0,-8.0,42,6
Cylinder_655_trunk,1300.0,-1150.0,-2.0,4.2,6
Cylinder_656_crown,-200.0,1350.0,-11.5,50,19
Cylinder_656_trunk,-200.0,1350.0,-8.5,5.0,19
Cylinder_657_crown,1500.0,100.0,-4.5,37,7
Cylinder_657_trunk,1500.0,100.0,-2.5,3.7,7
Cylinder_658_crown,400.0,200.0,-7.0,44,12
Cylinder_658_trunk,400.0,200.0,-5.0,4.4,12
Cylinder_659_crown,1100.0,-800.0,-16.0,50,24
Cylinder_659_trunk,1100.0,-800.0,-11.0,5.0,24
Cylinder_660_crown,-1350.0,-100.0,-10.0,37,14
Cylinder_660_trunk,-1350.0,-100.0,-6.0,3.7,14
Cylinder_661_crown,950.0,600.0,-4.5,20,7
Cylinder_661_trunk,950.0,600.0,-2.5,2.0,7
Cylinder_662_crown,-700.0,-950.0,-14.5,17,25
Cylinder_662_trunk,-700.0,-950.0,-11.5,1.7,25
Cylinder_663_crown,-1500.0,-900.0,-9.0,42,10
Cylinder_663_trunk,-1500.0,-900.0,-4.0,4.2,10
Cylinder_664_crown,-1200.0,-1700.0,-12.0,41,18
Cylinder_664_trunk,-1200.0,-1700.0,-8.0,4.1,18
Cylinder_665_crown,-50.0,250.0,-7.0,33,8
Cylinder_665_trunk,-50.0,250.0,-3.0,3.3,8
Cylinder_666_crown,1700.0,-300.0,-5.5,12,5
Cylinder_666_trunk,1700.0,-300.0,-1.5,1.2,5
Cylinder_667_crown,-400.0,-1400.0,-14.0,35,22
Cylinder_667_trunk,-400.0,-1400.0,-10.0,3.5,22
Cylinder_668_crown,850.0,-1400.0,-9.5,49,13
Cylinder_668_trunk,850.0,-1400.0,-5.5,4.9,13
Cylinder_669_crown,800.0,1550.0,-15.0,10,20
Cylinder_669_trunk,800.0,1550.0,-9.0,1.0,20
Cylinder_670_crown,400.0,950.0,-11.0,39,18
Cylinder_670_trunk,400.0,950.0,-8.0,3.9,18
Cylinder_671_crown,1450.0,1750.0,-19.0,43,30
Cylinder_671_trunk,1450.0,1750.0,-14.0,4.3,30
Cylinder_672_crown,600.0,-350.0,-15.0,22,22
Cylinder_672_trunk,600.0,-350.0,-10.0,2.2,22
Cylinder_673_crown,1300.0,-900.0,-13.5,39,25
Cylinder_673_trunk,1300.0,-900.0,-11.5,3.9,25
Cylinder_674_crown,200.0,450.0,-13.5,45,25
Cylinder_674_trunk,200.0,450.0,-11.5,4.5,25
Cylinder_675_crown,-1250.0,850.0,-9.5,47,11
Cylinder_675_trunk,-1250.0,850.0,-4.5,4.7,11
Cylinder_676_crown,1700.0,650.0,-9.5,45,9
Cylinder_676_trunk,1700.0,650.0,-3.5,4.5,9
Cylinder_677_crown,-1750.0,-250.0,-8.5,15,9
Cylinder_677_trunk,-1750.0,-250.0,-3.5,1.5,9
Cylinder_678_crown,-300.0,-1100.0,-11.5,28,19
Cylinder_678_trunk,-300.0,-1100.0,-8.5,2.8,19
Cylinder_679_crown,1250.0,1700.0,-7.5,39,7
Cylinder_679_trunk,1250.0,1700.0,-2.5,3.9,7
Cylinder_680_crown,-350.0,400.0,-11.5,43,17
Cylinder_680_trunk,-350.0,400.0,-7.5,4.3,17
Cylinder_681_crown,-650.0,-500.0,-12.5,50,19
Cylinder_681_trunk,-650.0,-500.0,-8.5,5.0,19
Cylinder_682_crown,-50.0,1250.0,-7.0,39,8
Cylinder_682_trunk,-50.0,1250.0,-3.0,3.9,8
Cylinder_683_crown,-450.0,-400.0,-17.0,22,30
Cylinder_683_trunk,-450.0,-400.0,-14.0,2.2,30
Cylinder_684_crown,-900.0,650.0,-10.5,30,13
Cylinder_684_trunk,-900.0,650.0,-5.5,3.0,13
Cylinder_685_crown,-1400.0,1650.0,-19.0,24,28
Cylinder_685_trunk,-1400.0,1650.0,-13.0,2.4,28
Cylinder_686_crown,1600.0,-700.0,-12.0,18,20
Cylinder_686_trunk,1600.0,-700.0,-9.0,1.8,20
Cylinder_687_crown,-1000.0,-900.0,-10.5,32,15
Cylinder_687_trunk,-1000.0,-900.0,-6.5,3.2,15
Cylinder_688_crown,-600.0,1450.0,-17.5,23,27
Cylinder_688_trunk,-600.0,1450.0,-12.5,2.3,27
Cylinder_689_crown,-850.0,-1150.0,-7.5,14,13
Cylinder_689_trunk,-850.0,-1150.0,-5.5,1.4,13
Cylinder_690_crown,100.0,400.0,-8.0,31,14
Cylinder_690_trunk,100.0,400.0,-6.0,3.1,14
Cylinder_691_crown,500.0,-1750.0,-9.0,27,8
Cylinder_691_trunk,500.0,-1750.0,-3.0,2.7,8
Cylinder_692_crown,1650.0,-1550.0,-10.0,45,18
Cylinder_692_trunk,1650.0,-1550.0,-8.0,4.5,18
Cylinder_693_crown,1000.0,-350.0,-16.0,32,24
Cylinder_693_trunk,1000.0,-350.0,-11.0,3.2,24
Cylinder_694_crown,-1500.0,850.0,-12.5,42,17
Cylinder_694_trunk,-1500.0,850.0,-7.5,4.2,17
Cylinder_695_crown,-1200.0,-550.0,-9.0,20,8
Cylinder_695_trunk,-1200.0,-550.0,-3.0,2.0,8
Cylinder_696_crown,800.0,-1450.0,-15.5,35,21
Cylinder_696_trunk,800.0,-1450.0,-9.5,3.5,21
Cylinder_697_crown,-1750.0,900.0,-11.0,12,14
Cylinder_697_trunk,-1750.0,900.0,-6.0,1.2,14
Cylinder_698_crown,550.0,-1750.0,-12.0,46,14
Cylinder_698_trunk,550.0,-1750.0,-6.0,4.6,14
Cylinder_699_crown,-500.0,-1000.0,-8.0,12,14
Cylinder_699_trunk,-500.0,-1000.0,-6.0,1.2,14
Cylinder_700_crown,1450.0,350.0,-17.0,15,26
Cylinder_700_trunk,1450.0,350.0,-12.0,1.5,26
Cylinder_701_crown,-550.0,-750.0,-14.0,49,20
Cylinder_701_trunk,-550.0,-750.0,-9.0,4.9,20
Cylinder_702_crown,-900.0,900.0,-6.0,12,6
Cylinder_702_trunk,-900.0,900.0,-2.0,1.2,6
Cylinder_703_crown,1250.0,1550.0,-16.5,16,29
Cylinder_703_trunk,1250.0,1550.0,-13.5,1.6,29
Cylinder_704_crown,-250.0,550.0,-14.0,18,22
Cylinder_704_trunk,-250.0,550.0,-10.0,1.8,22
Cylinder_705_crown,-600.0,-300.0,-15.5,21,29
Cylinder_705_trunk,-600.0,-300.0,-13.5,2.1,29
Cylinder_706_crown,1000.0,-300.0,-12.5,24,17
Cylinder_706_trunk,1000.0,-300.0,-7.5,2.4,17
Cylinder_707_crown,250.0,-450.0,-11.0,42,14
Cylinder_707_trunk,250.0,-450.0,-6.0,4.2,14
Cylinder_708_crown,0.0,-1650.0,-12.0,24,14
Cylinder_708_trunk,0.0,-1650.0,-6.0,2.4,14
Cylinder_709_crown,-1600.0,-1000.0,-11.5,42,21
Cylinder_709_trunk,-1600.0,-1000.0,-9.5,4.2,21
Cylinder_710_crown,-400.0,-1350.0,-11.0,23,14
Cylinder_710_trunk,-400.0,-1350.0,-6.0,2.3,14
Cylinder_711_crown,-100.0,350.0,-12.5,10,19
Cylinder_711_trunk,-100.0,350.0,-8.5,1.0,19
Cylinder_712_crown,-50.0,1200.0,-14.0,50,24
Cylinder_712_trunk,-50.0,1200.0,-11.0,5.0,24
Cylinder_713_crown,-400.0,-1750.0,-10.5,28,19
Cylinder_713_trunk,-400.0,-1750.0,-8.5,2.8,19
Cylinder_714_crown,-700.0,300.0,-12.5,25,15
Cylinder_714_trunk,-700.0,300.0,-6.5,2.5,15
Cylinder_715_crown,200.0,150.0,-15.0,30,28
Cylinder_715_trunk,200.0,150.0,-13.0,3.0,28
Cylinder_716_crown,-350.0,-200.0,-13.5,28,19
Cylinder_716_trunk,-350.0,-200.0,-8.5,2.8,19
Cylinder_717_crown,1800.0,550.0,-11.0,34,12
Cylinder_717_trunk,1800.0,550.0,-5.0,3.4,12
Cylinder_718_crown,-150.0,1200.0,-6.0,30,10
Cylinder_718_trunk,-150.0,1200.0,-4.0,3.0,10
Cylinder_719_crown,-600.0,1450.0,-12.0,47,20
Cylinder_719_trunk,-600.0,1450.0,-9.0,4.7,20
Cylinder_720_crown,0.0,-1200.0,-17.5,14,29
Cylinder_720_trunk,0.0,-1200.0,-13.5,1.4,29
Cylinder_721_crown,1000.0,150.0,-12.5,42,15
Cylinder_721_trunk,1000.0,150.0,-6.5,4.2,15
Cylinder_722_crown,400.0,-1150.0,-9.5,17,15
Cylinder_722_trunk,400.0,-1150.0,-6.5,1.7,15
Cylinder_723_crown,750.0,-1600.0,-17.5,41,29
Cylinder_723_trunk,750.0,-1600.0,-13.5,4.1,29
Cylinder_724_crown,550.0,1350.0,-9.5,29,9
Cylinder_724_trunk,550.0,1350.0,-3.5,2.9,9
Cylinder_725_crown,200.0,250.0,-12.0,14,18
Cylinder_725_trunk,200.0,250.0,-8.0,1.4,18
Cylinder_726_crown,0.0,-400.0,-13.5,28,25
Cylinder_726_trunk,0.0,-400.0,-11.5,2.8,25
Cylinder_727_crown,50.0,-400.0,-13.0,43,22
Cylinder_727_trunk,50.0,-400.0,-10.0,4.3,22
Cylinder_728_crown,1250.0,-50.0,-16.0,35,24
Cylinder_728_trunk,1250.0,-50.0,-11.0,3.5,24
Cylinder_729_crown,600.0,300.0,-13.0,18,22
Cylinder_729_trunk,600.0,300.0,-10.0,1.8,22
Cylinder_730_crown,600.0,900.0,-7.5,28,5
Cylinder_730_trunk,600.0,900.0,-1.5,2.8,5
Cylinder_731_crown,1600.0,1800.0,-12.5,49,21
Cylinder_731_trunk,1600.0,1800.0,-9.5,4.9,21
Cylinder_732_crown,200.0,-1750.0,-4.5,33,5
Cylinder_732_trunk,200.0,-1750.0,-1.5,3.3,5
Cylinder_733_crown,1450.0,-900.0,-14.0,27,20
Cylinder_733_trunk,1450.0,-900.0,-9.0,2.7,20
Cylinder_734_crown,1150.0,1250.0,-12.5,24,15
Cylinder_734_trunk,1150.0,1250.0,-6.5,2.4,15
Cylinder_735_crown,1050.0,800.0,-6.5,26,9
Cylinder_735_trunk,1050.0,800.0,-3.5,2.6,9
Cylinder_736_crown,-1400.0,400.0,-14.0,12,26
Cylinder_736_trunk,-1400.0,400.0,-12.0,1.2,26
Cylinder_737_crown,1750.0,1100.0,-15.0,31,22
Cylinder_737_trunk,1750.0,1100.0,-10.0,3.1,22
Cylinder_738_crown,-950.0,600.0,-7.5,28,13
Cylinder_738_trunk,-950.0,600.0,-5.5,2.8,13
Cylinder_739_crown,850.0,-1500.0,-9.5,22,11
Cylinder_739_trunk,850.0,-1500.0,-4.5,2.2,11
Cylinder_740_crown,1000.0,1800.0,-13.5,25,21
Cylinder_740_trunk,1000.0,1800.0,-9.5,2.5,21
Cylinder_741_crown,-250.0,650.0,-10.0,29,10
Cylinder_741_trunk,-250.0,650.0,-4.0,2.9,10
Cylinder_742_crown,-100.0,1600.0,-8.0,12,10
Cylinder_742_trunk,-100.0,1600.0,-4.0,1.2,10
Cylinder_743_crown,1550.0,150.0,-12.0,22,16
Cylinder_743_trunk,1550.0,150.0,-7.0,2.2,16
Cylinder_744_crown,-1700.0,-1800.0,-19.0,46,28
Cylinder_744_trunk,-1700.0,-1800.0,-13.0,4.6,28
Cylinder_745_crown,700.0,800.0,-18.5,37,27
Cylinder_745_trunk,700.0,800.0,-12.5,3.7,27
Cylinder_746_crown,50.0,-650.0,-8.5,50,15
Cylinder_746_trunk,50.0,-650.0,-6.5,5.0,15
Cylinder_747_crown,-450.0,-1500.0,-8.5,24,9
Cylinder_747_trunk,-450.0,-1500.0,-3.5,2.4,9
Cylinder_748_crown,-300.0,300.0,-20.0,40,30
Cylinder_748_trunk,-300.0,300.0,-14.0,4.0,30
Cylinder_749_crown,350.0,-700.0,-12.5,37,19
Cylinder_749_trunk,350.0,-700.0,-8.5,3.7,19
Cylinder_750_crown,450.0,-500.0,-9.0,47,8
Cylinder_750_trunk,450.0,-500.0,-3.0,4.7,8
Cylinder_751_crown,-950.0,450.0,-12.0,14,22
Cylinder_751_trunk,-950.0,450.0,-10.0,1.4,22
Cylinder_752_crown,300.0,-100.0,-12.0,27,16
Cylinder_752_trunk,300.0,-100.0,-7.0,2.7,16
Cylinder_753_crown,-800.0,1550.0,-11.0,13,16
Cylinder_753_trunk,-800.0,1550.0,-7.0,1.3,16
Cylinder_754_crown,-450.0,-250.0,-17.0,39,26
Cylinder_754_trunk,-450.0,-250.0,-12.0,3.9,26
Cylinder_755_crown,-1200.0,1750.0,-13.0,36,20
Cylinder_755_trunk,-1200.0,1750.0,-9.0,3.6,20
Cylinder_756_crown,-150.0,1150.0,-17.5,28,29
Cylinder_756_trunk,-150.0,1150.0,-13.5,2.8,29
Cylinder_757_crown,1100.0,100.0,-6.5,19,11
Cylinder_757_trunk,1100.0,100.0,-4.5,1.9,11
Cylinder_758_crown,50.0,1350.0,-13.5,37,19
Cylinder_758_trunk,50.0,1350.0,-8.5,3.7,19
Cylinder_759_crown,200.0,-50.0,-8.5,27,9
Cylinder_759_trunk,200.0,-50.0,-3.5,2.7,9
Cylinder_760_crown,-400.0,-600.0,-6.0,35,10
Cylinder_760_trunk,-400.0,-600.0,-4.0,3.5,10
Cylinder_761_crown,1400.0,1500.0,-8.0,36,14
Cylinder_761_trunk,1400.0,1500.0,-6.0,3.6,14
Cylinder_762_crown,1500.0,-1050.0,-3.5,11,5
Cylinder_762_trunk,1500.0,-1050.0,-1.5,1.1,5
Cylinder_763_crown,-350.0,-100.0,-9.5,50,17
Cylinder_763_trunk,-350.0,-100.0,-7.5,5.0,17
Cylinder_764_crown,1500.0,1350.0,-19.5,18,29
Cylinder_764_trunk,1500.0,1350.0,-13.5,1.8,29
Cylinder_765_crown,1750.0,-650.0,-9.0,31,8
Cylinder_765_trunk,1750.0,-650.0,-3.0,3.1,8
Cylinder_766_crown,-1200.0,700.0,-9.0,27,14
Cylinder_766_trunk,-1200.0,700.0,-6.0,2.7,14
Cylinder_767_crown,400.0,1750.0,-13.5,11,19
Cylinder_767_trunk,400.0,1750.0,-8.5,1.1,19
Cylinder_768_crown,950.0,-850.0,-11.0,14,12
Cylinder_768_trunk,950.0,-850.0,-5.0,1.4,12
Cylinder_769_crown,-750.0,1500.0,-9.5,38,13
Cylinder_769_trunk,-750.0,1500.0,-5.5,3.8,13
Cylinder_770_crown,-700.0,-1000.0,-11.0,37,16
Cylinder_770_trunk,-700.0,-1000.0,-7.0,3.7,16
Cylinder_771_crown,1600.0,800.0,-10.5,21,13
Cylinder_771_trunk,1600.0,800.0,-5.5,2.1,13
Cylinder_772_crown,-1200.0,400.0,-17.5,24,29
Cylinder_772_trunk,-1200.0,400.0,-13.5,2.4,29
Cylinder_773_crown,-500.0,-200.0,-13.5,14,19
Cylinder_773_trunk,-500.0,-200.0,-8.5,1.4,19
Cylinder_774_crown,600.0,-1200.0,-16.0,47,24
Cylinder_774_trunk,600.0,-1200.0,-11.0,4.7,24
Cylinder_775_crown,-100.0,-1500.0,-13.0,16,22
Cylinder_775_trunk,-100.0,-1500.0,-10.0,1.6,22
Cylinder_776_crown,200.0,-550.0,-15.5,31,27
Cylinder_776_trunk,200.0,-550.0,-12.5,3.1,27
Cylinder_777_crown,1150.0,-350.0,-12.0,40,18
Cylinder_777_trunk,1150.0,-350.0,-8.0,4.0,18
Cylinder_778_crown,1700.0,-1500.0,-7.0,21,8
Cylinder_778_trunk,1700.0,-1500.0,-3.0,2.1,8
Cylinder_779_crown,-100.0,-1250.0,-14.0,32,22
Cylinder_779_trunk,-100.0,-1250.0,-10.0,3.2,22
Cylinder_780_crown,-1000.0,250.0,-15.5,49,23
Cylinder_780_trunk,-1000.0,250.0,-10.5,4.9,23
Cylinder_781_crown,1500.0,500.0,-8.5,45,7
Cylinder_781_trunk,1500.0,500.0,-2.5,4.5,7
Cylinder_782_crown,1000.0,-550.0,-14.0,36,20
Cylinder_782_trunk,1000.0,-550.0,-9.0,3.6,20
Cylinder_783_crown,-1650.0,-650.0,-16.0,18,28
Cylinder_783_trunk,-1650.0,-650.0,-13.0,1.8,28
Cylinder_784_crown,400.0,1700.0,-11.0,45,18
Cylinder_784_trunk,400.0,1700.0,-8.0,4.5,18
Cylinder_785_crown,-50.0,-1150.0,-8.0,11,14
Cylinder_785_trunk,-50.0,-1150.0,-6.0,1.1,14
Cylinder_786_crown,-200.0,1700.0,-15.0,22,28
Cylinder_786_trunk,-200.0,1700.0,-13.0,2.2,28
Cylinder_787_crown,-850.0,-900.0,-11.0,32,18
Cylinder_787_trunk,-850.0,-900.0,-8.0,3.2,18
Cylinder_788_crown,-750.0,-650.0,-6.5,23,7
Cylinder_788_trunk,-750.0,-650.0,-2.5,2.3,7
Cylinder_789_crown,1700.0,-500.0,-6.5,29,9
Cylinder_789_trunk,1700.0,-500.0,-3.5,2.9,9
Cylinder_790_crown,750.0,-850.0,-14.0,41,22
Cylinder_790_trunk,750.0,-850.0,-10.0,4.1,22
Cylinder_791_crown,350.0,-1500.0,-11.0,11,20
Cylinder_791_trunk,350.0,-1500.0,-9.0,1.1,20
Cylinder_792_crown,-150.0,200.0,-13.5,45,25
Cylinder_792_trunk,-150.0,200.0,-11.5,4.5,25
Cylinder_793_crown,1400.0,950.0,-11.0,44,14
Cylinder_793_trunk,1400.0,950.0,-6.0,4.4,14
Cylinder_794_crown,-1300.0,-1800.0,-18.5,18,27
Cylinder_794_trunk,-1300.0,-1800.0,-12.5,1.8,27
Cylinder_795_crown,1700.0,-200.0,-10.5,39,13
Cylinder_795_trunk,1700.0,-200.0,-5.5,3.9,13
Cylinder_796_crown,1000.0,0.0,-4.5,10,5
Cylinder_796_trunk,1000.0,0.0,-1.5,1.0,5
Cylinder_797_crown,1400.0,-1100.0,-14.0,33,26
Cylinder_797_trunk,1400.0,-1100.0,-12.0,3.3,26
Cylinder_798_crown,-1000.0,-1500.0,-19.5,33,29
Cylinder_798_trunk,-1000.0,-1500.0,-13.5,3.3,29
Cylinder_799_crown,650.0,-1150.0,-7.5,25,9
Cylinder_799_trunk,650.0,-1150.0,-3.5,2.5,9
Cylinder_800_crown,-250.0,-400.0,-7.5,48,9
Cylinder_800_trunk,-250.0,-400.0,-3.5,4.8,9
Cylinder_801_crown,1600.0,-1450.0,-16.0,37,30
Cylinder_801_trunk,1600.0,-1450.0,-14.0,3.7,30
Cylinder_802_crown,-250.0,-850.0,-14.5,30,25
Cylinder_802_trunk,-250.0,-850.0,-11.5,3.0,25
Cylinder_803_crown,-850.0,800.0,-16.0,28,22
Cylinder_803_trunk,-850.0,800.0,-10.0,2.8,22
Cylinder_804_crown,-1350.0,1500.0,-17.0,14,24
Cylinder_804_trunk,-1350.0,1500.0,-11.0,1.4,24
Cylinder_805_crown,1800.0,-300.0,-8.5,26,9
Cylinder_805_trunk,1800.0,-300.0,-3.5,2.6,9
Cylinder_806_crown,-1350.0,-200.0,-20.0,23,30
Cylinder_806_trunk,-1350.0,-200.0,-14.0,2.3,30
Cylinder_807_crown,450.0,1100.0,-9.5,43,17
Cylinder_807_trunk,450.0,1100.0,-7.5,4.3,17
Cylinder_808_crown,-1100.0,1050.0,-12.0,30,22
Cylinder_808_trunk,-1100.0,1050.0,-10.0,3.0,22
Cylinder_809_crown,300.0,-700.0,-9.5,44,11
Cylinder_809_trunk,300.0,-700.0,-4.5,4.4,11
Cylinder_810_crown,1450.0,1300.0,-12.5,45,21
Cylinder_810_trunk,1450.0,1300.0,-9.5,4.5,21
Cylinder_811_crown,-600.0,0.0,-8.5,12,7
Cylinder_811_trunk,-600.0,0.0,-2.5,1.2,7
Cylinder_812_crown,1200.0,-1700.0,-11.5,42,17
Cylinder_812_trunk,1200.0,-1700.0,-7.5,4.2,17
Cylinder_813_crown,-1250.0,1150.0,-4.5,19,7
Cylinder_813_trunk,-1250.0,1150.0,-2.5,1.9,7
Cylinder_814_crown,-900.0,-1500.0,-9.0,10,14
Cylinder_814_trunk,-900.0,-1500.0,-6.0,1.0,14
Cylinder_815_crown,-1100.0,-550.0,-6.5,43,11
Cylinder_815_trunk,-1100.0,-550.0,-4.5,4.3,11
Cylinder_816_crown,400.0,1750.0,-11.5,14,13
Cylinder_816_trunk,400.0,1750.0,-5.5,1.4,13
Cylinder_817_crown,-950.0,-1700.0,-6.5,50,11
Cylinder_817_trunk,-950.0,-1700.0,-4.5,5.0,11
Cylinder_818_crown,1700.0,-500.0,-5.0,36,6
Cylinder_818_trunk,1700.0,-500.0,-2.0,3.6,6
Cylinder_819_crown,-100.0,-250.0,-14.5,21,19
Cylinder_819_trunk,-100.0,-250.0,-8.5,2.1,19
Cylinder_820_crown,750.0,-750.0,-8.5,46,7
Cylinder_820_trunk,750.0,-750.0,-2.5,4.6,7
Cylinder_821_crown,800.0,-1450.0,-17.0,28,24
Cylinder_821_trunk,800.0,-1450.0,-11.0,2.8,24
Cylinder_822_crown,-1450.0,-1000.0,-15.5,20,29
Cylinder_822_trunk,-1450.0,-1000.0,-13.5,2.0,29
Cylinder_823_crown,-1700.0,1500.0,-7.5,32,13
Cylinder_823_trunk,-1700.0,1500.0,-5.5,3.2,13
Cylinder_824_crown,900.0,-650.0,-9.0,32,8
Cylinder_824_trunk,900.0,-650.0,-3.0,3.2,8
Cylinder_825_crown,-50.0,-1500.0,-7.5,11,5
Cylinder_825_trunk,-50.0,-1500.0,-1.5,1.1,5
Cylinder_826_crown,1300.0,-1750.0,-12.0,42,20
Cylinder_826_trunk,1300.0,-1750.0,-9.0,4.2,20
Cylinder_827_crown,-1500.0,800.0,-14.5,32,19
Cylinder_827_trunk,-1500.0,800.0,-8.5,3.2,19
Cylinder_828_crown,1400.0,1450.0,-9.0,22,16
Cylinder_828_trunk,1400.0,1450.0,-7.0,2.2,16
Cylinder_829_crown,-1350.0,-700.0,-18.0,30,30
Cylinder_829_trunk,-1350.0,-700.0,-14.0,3.0,30
Cylinder_830_crown,1050.0,-150.0,-7.5,21,11
Cylinder_830_trunk,1050.0,-150.0,-4.5,2.1,11
Cylinder_831_crown,450.0,-350.0,-9.5,20,9
Cylinder_831_trunk,450.0,-350.0,-3.5,2.0,9
Cylinder_832_crown,1700.0,800.0,-8.0,14,14
Cylinder_832_trunk,1700.0,800.0,-6.0,1.4,14
Cylinder_833_crown,1000.0,-950.0,-4.5,39,5
Cylinder_833_trunk,1000.0,-950.0,-1.5,3.9,5
Cylinder_834_crown,-1300.0,-250.0,-14.0,22,20
Cylinder_834_trunk,-1300.0,-250.0,-9.0,2.2,20
Cylinder_835_crown,400.0,1250.0,-6.0,20,8
Cylinder_835_trunk,400.0,1250.0,-3.0,2.0,8
Cylinder_836_crown,-100.0,800.0,-11.5,42,17
Cylinder_836_trunk,-100.0,800.0,-7.5,4.2,17
Cylinder_837_crown,1100.0,50.0,-14.5,37,25
Cylinder_837_trunk,1100.0,50.0,-11.5,3.7,25
Cylinder_838_crown,0.0,450.0,-17.0,48,26
Cylinder_838_trunk,0.0,450.0,-12.0,4.8,26
Cylinder_839_crown,-50.0,-1450.0,-7.0,31,8
Cylinder_839_trunk,-50.0,-1450.0,-3.0,3.1,8
Cylinder_840_crown,-700.0,1450.0,-12.0,33,20
Cylinder_840_trunk,-700.0,1450.0,-9.0,3.3,20
Cylinder_841_crown,250.0,-1600.0,-11.5,32,15
Cylinder_841_trunk,250.0,-1600.0,-6.5,3.2,15
Cylinder_842_crown,-1200.0,1600.0,-8.0,20,10
Cylinder_842_trunk,-1200.0,1600.0,-4.0,2.0,10
Cylinder_843_crown,-1800.0,-1500.0,-5.5,36,7
Cylinder_843_trunk,-1800.0,-1500.0,-2.5,3.6,7
Cylinder_844_crown,1600.0,950.0,-13.0,37,24
Cylinder_844_trunk,1600.0,950.0,-11.0,3.7,24
Cylinder_845_crown,-300.0,1600.0,-15.5,10,29
Cylinder_845_trunk,-300.0,1600.0,-13.5,1.0,29
Cylinder_846_crown,-900.0,-1400.0,-7.5,21,7
Cylinder_846_trunk,-900.0,-1400.0,-2.5,2.1,7
Cylinder_847_crown,1550.0,-550.0,-13.5,44,17
Cylinder_847_trunk,1550.0,-550.0,-7.5,4.4,17
Cylinder_848_crown,150.0,200.0,-19.0,48,28
Cylinder_848_trunk,150.0,200.0,-13.0,4.8,28
Cylinder_849_crown,1500.0,-350.0,-12.0,29,20
Cylinder_849_trunk,1500.0,-350.0,-9.0,2.9,20
Cylinder_850_crown,350.0,-350.0,-13.5,19,21
Cylinder_850_trunk,350.0,-350.0,-9.5,1.9,21
Cylinder_851_crown,700.0,650.0,-16.0,12,24
Cylinder_851_trunk,700.0,650.0,-11.0,1.2,24
Cylinder_852_crown,1100.0,-250.0,-12.0,36,14
Cylinder_852_trunk,1100.0,-250.0,-6.0,3.6,14
Cylinder_853_crown,1700.0,1350.0,-8.0,29,14
Cylinder_853_trunk,1700.0,1350.0,-6.0,2.9,14
Cylinder_854_crown,-1250.0,-850.0,-19.5,13,29
Cylinder_854_trunk,-1250.0,-850.0,-13.5,1.3,29
Cylinder_855_crown,1500.0,250.0,-9.0,42,12
Cylinder_855_trunk,1500.0,250.0,-5.0,4.2,12
Cylinder_856_crown,-1700.0,950.0,-5.0,43,8
Cylinder_856_trunk,-1700.0,950.0,-3.0,4.3,8
Cylinder_857_crown,1000.0,-150.0,-7.0,20,6
Cylinder_857_trunk,1000.0,-150.0,-2.0,2.0,6
Cylinder_858_crown,-1100.0,-550.0,-15.5,50,27
Cylinder_858_trunk,-1100.0,-550.0,-12.5,5.0,27
Cylinder_859_crown,-1050.0,-1100.0,-18.5,30,27
Cylinder_859_trunk,-1050.0,-1100.0,-12.5,3.0,27
Cylinder_860_crown,350.0,1350.0,-13.0,21,22
Cylinder_860_trunk,350.0,1350.0,-10.0,2.1,22
Cylinder_861_crown,-750.0,-800.0,-14.5,24,19
Cylinder_861_trunk,-750.0,-800.0,-8.5,2.4,19
Cylinder_862_crown,1050.0,1450.0,-16.0,24,24
Cylinder_862_trunk,1050.0,1450.0,-11.0,2.4,24
Cylinder_863_crown,-900.0,-1400.0,-12.5,37,19
Cylinder_863_trunk,-900.0,-1400.0,-8.5,3.7,19
Cylinder_864_crown,1250.0,-550.0,-19.0,46,30
Cylinder_864_trunk,1250.0,-550.0,-14.0,4.6,30
Cylinder_865_crown,-300.0,1550.0,-6.5,30,5
Cylinder_865_trunk,-300.0,1550.0,-1.5,3.0,5
Cylinder_866_crown,-1550.0,50.0,-5.0,48,6
Cylinder_866_trunk,-1550.0,50.0,-2.0,4.8,6
Cylinder_867_crown,1800.0,550.0,-17.0,37,26
Cylinder_867_trunk,1800.0,550.0,-12.0,3.7,26
Cylinder_868_crown,-950.0,-1000.0,-9.5,28,11
Cylinder_868_trunk,-950.0,-1000.0,-4.5,2.8,11
Cylinder_869_crown,-1050.0,-400.0,-10.0,42,10
Cylinder_869_trunk,-1050.0,-400.0,-4.0,4.2,10
Cylinder_870_crown,-550.0,1250.0,-7.0,30,8
Cylinder_870_trunk,-550.0,1250.0,-3.0,3.0,8
Cylinder_871_crown,200.0,-900.0,-12.0,47,20
Cylinder_871_trunk,200.0,-900.0,-9.0,4.7,20
Cylinder_872_crown,-250.0,200.0,-9.5,13,11
Cylinder_872_trunk,-250.0,200.0,-4.5,1.3,11
Cylinder_873_crown,-200.0,500.0,-15.5,17,29
Cylinder_873_trunk,-200.0,500.0,-13.5,1.7,29
Cylinder_874_crown,-400.0,-50.0,-12.5,25,21
Cylinder_874_trunk,-400.0,-50.0,-9.5,2.5,21
Cylinder_875_crown,-1400.0,-1500.0,-6.5,27,7
Cylinder_875_trunk,-1400.0,-1500.0,-2.5,2.7,7
Cylinder_876_crown,-200.0,200.0,-15.0,47,24
Cylinder_876_trunk,-200.0,200.0,-11.0,4.7,24
Cylinder_877_crown,800.0,150.0,-11.5,41,13
Cylinder_877_trunk,800.0,150.0,-5.5,4.1,13
Cylinder_878_crown,-400.0,1700.0,-11.0,22,16
Cylinder_878_trunk,-400.0,1700.0,-7.0,2.2,16
Cylinder_879_crown,-1100.0,-1550.0,-12.0,12,14
Cylinder_879_trunk,-1100.0,-1550.0,-6.0,1.2,14
Cylinder_880_crown,1350.0,-400.0,-7.0,13,6
Cylinder_880_trunk,1350.0,-400.0,-2.0,1.3,6
Cylinder_881_crown,1500.0,-350.0,-6.0,17,8
Cylinder_881_trunk,1500.0,-350.0,-3.0,1.7,8
Cylinder_882_crown,-1150.0,-550.0,-12.5,21,17
Cylinder_882_trunk,-1150.0,-550.0,-7.5,2.1,17
Cylinder_883_crown,-1100.0,-1500.0,-8.0,19,8
Cylinder_883_trunk,-1100.0,-1500.0,-3.0,1.9,8
Cylinder_884_crown,-150.0,550.0,-12.0,41,18
Cylinder_884_trunk,-150.0,550.0,-8.0,4.1,18
Cylinder_885_crown,1300.0,1200.0,-15.0,18,28
Cylinder_885_trunk,1300.0,1200.0,-13.0,1.8,28
Cylinder_886_crown,1000.0,1700.0,-18.0,49,28
Cylinder_886_trunk,1000.0,1700.0,-13.0,4.9,28
Cylinder_887_crown,-350.0,-1400.0,-16.0,11,26
Cylinder_887_trunk,-350.0,-1400.0,-12.0,1.1,26
Cylinder_888_crown,1700.0,1550.0,-6.0,22,10
Cylinder_888_trunk,1700.0,1550.0,-4.0,2.2,10
Cylinder_890_crown,-1750.0,0.0,-12.5,27,15
Cylinder_890_trunk,-1750.0,0.0,-6.5,2.7,15
Cylinder_891_crown,-1500.0,-1100.0,-15.5,44,21
Cylinder_891_trunk,-1500.0,-1100.0,-9.5,4.4,21
Cylinder_892_crown,-50.0,1750.0,-10.0,19,16
Cylinder_892_trunk,-50.0,1750.0,-7.0,1.9,16
Cylinder_893_crown,-1800.0,-1500.0,-16.0,31,28
Cylinder_893_trunk,-1800.0,-1500.0,-13.0,3.1,28
Cylinder_894_crown,-950.0,1750.0,-11.0,18,20
Cylinder_894_trunk,-950.0,1750.0,-9.0,1.8,20
Cylinder_895_crown,1000.0,400.0,-7.0,40,8
Cylinder_895_trunk,1000.0,400.0,-3.0,4.0,8
Cylinder_896_crown,1750.0,100.0,-10.5,19,15
Cylinder_896_trunk,1750.0,100.0,-6.5,1.9,15
Cylinder_897_crown,-1750.0,-550.0,-16.0,20,24
Cylinder_897_trunk,-1750.0,-550.0,-11.0,2.0,24
Cylinder_898_crown,-800.0,-650.0,-8.5,12,13
Cylinder_898_trunk,-800.0,-650.0,-5.5,1.2,13
Cylinder_899_crown,850.0,-1550.0,-6.0,50,10
Cylinder_899_trunk,850.0,-1550.0,-4.0,5.0,10
Cylinder_900_crown,1350.0,850.0,-7.0,50,10
Cylinder_900_trunk,1350.0,850.0,-4.0,5.0,10
Cylinder_901_crown,300.0,-150.0,-14.5,33,23
Cylinder_901_trunk,300.0,-150.0,-10.5,3.3,23
Cylinder_902_crown,-1050.0,1650.0,-20.0,16,30
Cylinder_902_trunk,-1050.0,1650.0,-14.0,1.6,30
Cylinder_903_crown,-1700.0,1000.0,-6.0,31,10
Cylinder_903_trunk,-1700.0,1000.0,-4.0,3.1,10
Cylinder_904_crown,800.0,-250.0,-7.0,26,6
Cylinder_904_trunk,800.0,-250.0,-2.0,2.6,6
Cylinder_905_crown,-350.0,-1450.0,-18.0,44,28
Cylinder_905_trunk,-350.0,-1450.0,-13.0,4.4,28
Cylinder_906_crown,1600.0,500.0,-9.0,20,8
Cylinder_906_trunk,1600.0,500.0,-3.0,2.0,8
Cylinder_907_crown,1050.0,-1050.0,-8.0,29,12
Cylinder_907_trunk,1050.0,-1050.0,-5.0,2.9,12
Cylinder_908_crown,-1700.0,-1550.0,-17.0,50,30
Cylinder_908_trunk,-1700.0,-1550.0,-14.0,5.0,30
Cylinder_909_crown,-200.0,-400.0,-11.5,31,15
Cylinder_909_trunk,-200.0,-400.0,-6.5,3.1,15
Cylinder_910_crown,-300.0,0.0,-9.5,27,17
Cylinder_910_trunk,-300.0,0.0,-7.5,2.7,17
Cylinder_911_crown,1350.0,-350.0,-9.5,28,11
Cylinder_911_trunk,1350.0,-350.0,-4.5,2.8,11
Cylinder_912_crown,1800.0,50.0,-16.0,19,30
Cylinder_912_trunk,1800.0,50.0,-14.0,1.9,30
Cylinder_913_crown,-300.0,1100.0,-9.0,23,10
Cylinder_913_trunk,-300.0,1100.0,-4.0,2.3,10
Cylinder_914_crown,-750.0,-850.0,-8.0,25,6
Cylinder_914_trunk,-750.0,-850.0,-2.0,2.5,6
Cylinder_915_crown,1300.0,-1200.0,-10.5,42,19
Cylinder_915_trunk,1300.0,-1200.0,-8.5,4.2,19
Cylinder_916_crown,1100.0,300.0,-5.0,50,6
Cylinder_916_trunk,1100.0,300.0,-2.0,5.0,6
Cylinder_917_crown,-800.0,1300.0,-7.0,42,12
Cylinder_917_trunk,-800.0,1300.0,-5.0,4.2,12
Cylinder_918_crown,100.0,-1450.0,-20.0,21,30
Cylinder_918_trunk,100.0,-1450.0,-14.0,2.1,30
Cylinder_919_crown,1750.0,400.0,-5.5,20,5
Cylinder_919_trunk,1750.0,400.0,-1.5,2.0,5
Cylinder_920_crown,-650.0,-1600.0,-10.5,43,17
Cylinder_920_trunk,-650.0,-1600.0,-7.5,4.3,17
Cylinder_921_crown,750.0,-1150.0,-19.0,49,28
Cylinder_921_trunk,750.0,-1150.0,-13.0,4.9,28
Cylinder_922_crown,-650.0,-1100.0,-9.5,45,17
Cylinder_922_trunk,-650.0,-1100.0,-7.5,4.5,17
Cylinder_923_crown,650.0,-600.0,-4.5,11,5
Cylinder_923_trunk,650.0,-600.0,-1.5,1.1,5
Cylinder_924_crown,-1050.0,1700.0,-18.0,34,28
Cylinder_924_trunk,-1050.0,1700.0,-13.0,3.4,28
Cylinder_925_crown,400.0,1600.0,-7.0,47,10
Cylinder_925_trunk,400.0,1600.0,-4.0,4.7,10
Cylinder_926_crown,350.0,400.0,-9.5,20,17
Cylinder_926_trunk,350.0,400.0,-7.5,2.0,17
Cylinder_927_crown,-150.0,800.0,-8.5,45,7
Cylinder_927_trunk,-150.0,800.0,-2.5,4.5,7
Cylinder_928_crown,-200.0,-700.0,-8.5,24,11
Cylinder_928_trunk,-200.0,-700.0,-4.5,2.4,11
Cylinder_929_crown,950.0,-550.0,-16.0,43,26
Cylinder_929_trunk,950.0,-550.0,-12.0,4.3,26
Cylinder_930_crown,1550.0,600.0,-7.5,45,5
Cylinder_930_trunk,1550.0,600.0,-1.5,4.5,5
Cylinder_931_crown,800.0,-1150.0,-13.5,10,25
Cylinder_931_trunk,800.0,-1150.0,-11.5,1.0,25
Cylinder_932_crown,-1400.0,-500.0,-12.0,42,22
Cylinder_932_trunk,-1400.0,-500.0,-10.0,4.2,22
Cylinder_933_crown,-400.0,-1100.0,-8.5,27,7
Cylinder_933_trunk,-400.0,-1100.0,-2.5,2.7,7
Cylinder_934_crown,1600.0,-1150.0,-10.5,29,11
Cylinder_934_trunk,1600.0,-1150.0,-4.5,2.9,11
Cylinder_935_crown,1500.0,1800.0,-12.5,36,17
Cylinder_935_trunk,1500.0,1800.0,-7.5,3.6,17
Cylinder_936_crown,1600.0,-500.0,-14.0,46,22
Cylinder_936_trunk,1600.0,-500.0,-10.0,4.6,22
Cylinder_937_crown,-1000.0,-200.0,-7.5,19,5
Cylinder_937_trunk,-1000.0,-200.0,-1.5,1.9,5
Cylinder_938_crown,700.0,-850.0,-16.5,43,27
Cylinder_938_trunk,700.0,-850.0,-12.5,4.3,27
Cylinder_939_crown,-300.0,-650.0,-5.5,41,9
Cylinder_939_trunk,-300.0,-650.0,-3.5,4.1,9
Cylinder_940_crown,1100.0,750.0,-16.5,40,29
Cylinder_940_trunk,1100.0,750.0,-13.5,4.0,29
Cylinder_941_crown,400.0,1450.0,-13.0,11,22
Cylinder_941_trunk,400.0,1450.0,-10.0,1.1,22
Cylinder_942_crown,-1000.0,650.0,-10.5,23,19
Cylinder_942_trunk,-1000.0,650.0,-8.5,2.3,19
Cylinder_943_crown,350.0,1150.0,-17.0,22,28
Cylinder_943_trunk,350.0,1150.0,-13.0,2.2,28
Cylinder_944_crown,550.0,400.0,-13.5,36,25
Cylinder_944_trunk,550.0,400.0,-11.5,3.6,25
Cylinder_945_crown,-1250.0,-850.0,-11.5,40,17
Cylinder_945_trunk,-1250.0,-850.0,-7.5,4.0,17
Cylinder_946_crown,-1500.0,650.0,-10.5,32,13
Cylinder_946_trunk,-1500.0,650.0,-5.5,3.2,13
Cylinder_947_crown,1000.0,500.0,-6.0,14,6
Cylinder_947_trunk,1000.0,500.0,-2.0,1.4,6
Cylinder_948_crown,-550.0,700.0,-13.5,31,23
Cylinder_948_trunk,-550.0,700.0,-10.5,3.1,23
Cylinder_949_crown,700.0,700.0,-13.0,23,22
Cylinder_949_trunk,700.0,700.0,-10.0,2.3,22
Cylinder_950_crown,1550.0,1000.0,-14.0,50,18
Cylinder_950_trunk,1550.0,1000.0,-8.0,5.0,18
Cylinder_951_crown,600.0,-1450.0,-7.0,39,10
Cylinder_951_trunk,600.0,-1450.0,-4.0,3.9,10
Cylinder_952_crown,-1800.0,800.0,-16.0,12,24
Cylinder_952_trunk,-1800.0,800.0,-11.0,1.2,24
Cylinder_953_crown,-1750.0,600.0,-16.5,27,27
Cylinder_953_trunk,-1750.0,600.0,-12.5,2.7,27
Cylinder_954_crown,1350.0,-950.0,-11.0,31,14
Cylinder_954_trunk,1350.0,-950.0,-6.0,3.1,14
Cylinder_955_crown,700.0,-750.0,-14.5,12,23
Cylinder_955_trunk,700.0,-750.0,-10.5,1.2,23
Cylinder_956_crown,800.0,700.0,-4.5,14,5
Cylinder_956_trunk,800.0,700.0,-1.5,1.4,5
Cylinder_957_crown,650.0,1650.0,-9.5,26,15
Cylinder_957_trunk,650.0,1650.0,-6.5,2.6,15
Cylinder_958_crown,1350.0,-300.0,-17.0,45,24
Cylinder_958_trunk,1350.0,-300.0,-11.0,4.5,24
Cylinder_959_crown,-1150.0,1350.0,-8.5,26,9
Cylinder_959_trunk,-1150.0,1350.0,-3.5,2.6,9
Cylinder_960_crown,-550.0,250.0,-10.5,31,11
Cylinder_960_trunk,-550.0,250.0,-4.5,3.1,11
Cylinder_961_crown,-1250.0,-1100.0,-18.5,21,29
Cylinder_961_trunk,-1250.0,-1100.0,-13.5,2.1,29
Cylinder_962_crown,700.0,-1300.0,-15.0,29,28
Cylinder_962_trunk,700.0,-1300.0,-13.0,2.9,28
Cylinder_963_crown,450.0,-50.0,-11.5,21,21
Cylinder_963_trunk,450.0,-50.0,-9.5,2.1,21
Cylinder_964_crown,-1000.0,350.0,-14.5,41,25
Cylinder_964_trunk,-1000.0,350.0,-11.5,4.1,25
Cylinder_965_crown,-1700.0,-200.0,-6.5,35,11
Cylinder_965_trunk,-1700.0,-200.0,-4.5,3.5,11
Cylinder_966_crown,-50.0,850.0,-14.5,48,23
Cylinder_966_trunk,-50.0,850.0,-10.5,4.8,23
Cylinder_967_crown,1150.0,-1450.0,-17.0,21,26
Cylinder_967_trunk,1150.0,-1450.0,-12.0,2.1,26
Cylinder_968_crown,-50.0,-1300.0,-9.0,48,14
Cylinder_968_trunk,-50.0,-1300.0,-6.0,4.8,14
Cylinder_969_crown,850.0,-100.0,-17.0,26,26
Cylinder_969_trunk,850.0,-100.0,-12.0,2.6,26
Cylinder_970_crown,-1500.0,-1350.0,-14.0,31,26
Cylinder_970_trunk,-1500.0,-1350.0,-12.0,3.1,26
Cylinder_971_crown,-200.0,200.0,-9.5,17,11
Cylinder_971_trunk,-200.0,200.0,-4.5,1.7,11
Cylinder_972_crown,150.0,-1300.0,-9.5,17,17
Cylinder_972_trunk,150.0,-1300.0,-7.5,1.7,17
Cylinder_973_crown,1350.0,-1250.0,-10.0,17,10
Cylinder_973_trunk,1350.0,-1250.0,-4.0,1.7,10
Cylinder_974_crown,-550.0,1200.0,-11.5,18,21
Cylinder_974_trunk,-550.0,1200.0,-9.5,1.8,21
Cylinder_975_crown,650.0,1500.0,-3.5,37,5
Cylinder_975_trunk,650.0,1500.0,-1.5,3.7,5
Cylinder_976_crown,-750.0,1000.0,-7.0,48,10
Cylinder_976_trunk,-750.0,1000.0,-4.0,4.8,10
Cylinder_977_crown,-850.0,1500.0,-9.0,48,16
Cylinder_977_trunk,-850.0,1500.0,-7.0,4.8,16
Cylinder_978_crown,1150.0,1450.0,-12.5,40,23
Cylinder_978_trunk,1150.0,1450.0,-10.5,4.0,23
Cylinder_979_crown,1550.0,-1400.0,-14.5,48,21
Cylinder_979_trunk,1550.0,-1400.0,-9.5,4.8,21
Cylinder_980_crown,-1550.0,700.0,-14.5,41,19
Cylinder_980_trunk,-1550.0,700.0,-8.5,4.1,19
Cylinder_981_crown,850.0,-1400.0,-8.5,35,7
Cylinder_981_trunk,850.0,-1400.0,-2.5,3.5,7
Cylinder_982_crown,1450.0,-1450.0,-7.5,43,13
Cylinder_982_trunk,1450.0,-1450.0,-5.5,4.3,13
Cylinder_983_crown,-1000.0,-650.0,-17.5,47,29
Cylinder_983_trunk,-1000.0,-650.0,-13.5,4.7,29
Cylinder_984_crown,-1500.0,-150.0,-18.0,16,28
Cylinder_984_trunk,-1500.0,-150.0,-13.0,1.6,28
Cylinder_985_crown,-450.0,700.0,-16.0,31,24
Cylinder_985_trunk,-450.0,700.0,-11.0,3.1,24
Cylinder_986_crown,-1750.0,1050.0,-7.5,13,5
Cylinder_986_trunk,-1750.0,1050.0,-1.5,1.3,5
Cylinder_987_crown,1000.0,200.0,-13.0,11,20
Cylinder_987_trunk,1000.0,200.0,-9.0,1.1,20
Cylinder_988_crown,450.0,-150.0,-7.5,12,5
Cylinder_988_trunk,450.0,-150.0,-1.5,1.2,5
Cylinder_989_crown,-1750.0,-900.0,-13.5,23,21
Cylinder_989_trunk,-1750.0,-900.0,-9.5,2.3,21
Cylinder_990_crown,-1750.0,-1700.0,-14.5,35,27
Cylinder_990_trunk,-1750.0,-1700.0,-12.5,3.5,27
Cylinder_991_crown,-1250.0,50.0,-13.0,20,24
Cylinder_991_trunk,-1250.0,50.0,-11.0,2.0,24
Cylinder_992_crown,0.0,-1750.0,-18.5,11,29
Cylinder_992_trunk,0.0,-1750.0,-13.5,1.1,29
Cylinder_993_crown,-800.0,750.0,-8.0,10,10
Cylinder_993_trunk,-800.0,750.0,-4.0,1.0,10
Cylinder_994_crown,1550.0,1750.0,-11.5,32,17
Cylinder_994_trunk,1550.0,1750.0,-7.5,3.2,17
Cylinder_995_crown,-1650.0,850.0,-9.0,38,14
Cylinder_995_trunk,-1650.0,850.0,-6.0,3.8,14
Cylinder_996_crown,-900.0,1750.0,-8.0,34,8
Cylinder_996_trunk,-900.0,1750.0,-3.0,3.4,8
Cylinder_997_crown,0.0,700.0,-14.0,29,22
Cylinder_997_trunk,0.0,700.0,-10.0,2.9,22
Cylinder_998_crown,-350.0,-550.0,-17.5,29,29
Cylinder_998_trunk,-350.0,-550.0,-13.5,2.9,29
Cylinder_999_crown,1050.0,1300.0,-11.5,27,19
Cylinder_999_trunk,1050.0,1300.0,-8.5,2.7,19
